 Le tableau ci dessous contient les informations sur les aretes:
 Le nombre d aretes: nba
 Pour chaque arete on a les informations suivantes de taille nba*17
 Les numeros de ces sommets: DEb et FIN 
Les numeros de volumes voisins: K et L
 sa mesure
 la distance entre xK et xedge
 la distance entre xL et xedge 
la distance entre xK et xL
 mesure du triangle xD xK xDEB
 mesure du triangle xD xK xFIN
  mesure du triangle xD xL xDEB (si L est à l interieur) 
mesure du triangle xD xL xFIN (si L est à l interieur)
 les composantes de la normales à l arete
 les composantes de la normales à xKxL
 une information sur les aretes (0 à l interieure, <0 sur le bord,...) 
4.200000E+01 1.400000E+01 1.000000E+00 -1.000000E+00 1.250000E-01 4.658475E-02 0.000000E+00 4.658475E-02 1.302083E-03 1.302083E-03 0.000000E+00 0.000000E+00 0.000000E+00 -1.000000E+00 8.944272E-01 4.472136E-01 -1.000000E+00 
1.400000E+01 2.600000E+01 1.000000E+00 7.000000E+00 1.767767E-01 2.946278E-02 2.946278E-02 5.892557E-02 1.302083E-03 1.302083E-03 1.302083E-03 1.302083E-03 7.071068E-01 7.071068E-01 -7.071068E-01 7.071068E-01 -0.000000E+00 
2.600000E+01 4.200000E+01 1.000000E+00 8.000000E+00 1.250000E-01 4.166667E-02 4.166667E-02 8.333333E-02 1.736111E-03 8.680556E-04 1.736111E-03 8.680556E-04 -1.000000E+00 0.000000E+00 0.000000E+00 -1.000000E+00 -0.000000E+00 
1.000000E+01 2.900000E+01 2.000000E+00 5.300000E+01 1.767767E-01 2.946278E-02 2.946278E-02 5.892557E-02 1.302083E-03 1.302083E-03 1.302083E-03 1.302083E-03 7.071068E-01 -7.071068E-01 7.071068E-01 7.071068E-01 -0.000000E+00 
2.900000E+01 5.100000E+01 2.000000E+00 1.700000E+01 1.250000E-01 4.166667E-02 4.166667E-02 8.333333E-02 1.736111E-03 8.680556E-04 1.736111E-03 8.680556E-04 0.000000E+00 1.000000E+00 -1.000000E+00 0.000000E+00 -0.000000E+00 
5.100000E+01 1.000000E+01 2.000000E+00 1.400000E+01 1.250000E-01 4.166667E-02 4.166667E-02 8.333333E-02 8.680556E-04 1.736111E-03 8.680556E-04 1.736111E-03 -1.000000E+00 0.000000E+00 0.000000E+00 -1.000000E+00 -0.000000E+00 
1.600000E+01 4.300000E+01 3.000000E+00 2.600000E+01 1.250000E-01 4.166667E-02 4.166667E-02 8.333333E-02 1.736111E-03 8.680556E-04 1.736111E-03 8.680556E-04 0.000000E+00 -1.000000E+00 1.000000E+00 0.000000E+00 -0.000000E+00 
4.300000E+01 3.000000E+01 3.000000E+00 5.000000E+00 1.250000E-01 4.166667E-02 4.166667E-02 8.333333E-02 8.680556E-04 1.736111E-03 8.680556E-04 1.736111E-03 1.000000E+00 0.000000E+00 0.000000E+00 1.000000E+00 -0.000000E+00 
3.000000E+01 1.600000E+01 3.000000E+00 6.000000E+00 1.767767E-01 2.946278E-02 2.946278E-02 5.892557E-02 1.302083E-03 1.302083E-03 1.302083E-03 1.302083E-03 -7.071068E-01 7.071068E-01 -7.071068E-01 -7.071068E-01 -0.000000E+00 
2.600000E+01 4.400000E+01 4.000000E+00 2.400000E+01 1.250000E-01 4.166667E-02 4.166667E-02 8.333333E-02 1.736111E-03 8.680556E-04 1.736111E-03 8.680556E-04 0.000000E+00 1.000000E+00 -1.000000E+00 0.000000E+00 -0.000000E+00 
4.400000E+01 1.000000E+00 4.000000E+00 -1.000000E+00 1.250000E-01 4.658475E-02 0.000000E+00 4.658475E-02 1.302083E-03 1.302083E-03 0.000000E+00 0.000000E+00 -1.000000E+00 0.000000E+00 4.472136E-01 -8.944272E-01 -1.000000E+00 
1.000000E+00 2.600000E+01 4.000000E+00 8.000000E+00 1.767767E-01 2.946278E-02 2.946278E-02 5.892557E-02 1.302083E-03 1.302083E-03 1.302083E-03 1.302083E-03 7.071068E-01 -7.071068E-01 7.071068E-01 7.071068E-01 -0.000000E+00 
1.000000E+01 3.000000E+01 5.000000E+00 1.400000E+01 1.767767E-01 2.946278E-02 2.946278E-02 5.892557E-02 1.302083E-03 1.302083E-03 1.302083E-03 1.302083E-03 7.071068E-01 7.071068E-01 -7.071068E-01 7.071068E-01 -0.000000E+00 
4.300000E+01 1.000000E+01 5.000000E+00 3.800000E+01 1.250000E-01 4.166667E-02 4.166667E-02 8.333333E-02 8.680556E-04 1.736111E-03 8.680556E-04 1.736111E-03 0.000000E+00 -1.000000E+00 1.000000E+00 0.000000E+00 -0.000000E+00 
3.000000E+01 4.500000E+01 6.000000E+00 3.600000E+01 1.250000E-01 4.166667E-02 4.166667E-02 8.333333E-02 1.736111E-03 8.680556E-04 1.736111E-03 8.680556E-04 0.000000E+00 1.000000E+00 -1.000000E+00 0.000000E+00 -0.000000E+00 
4.500000E+01 1.600000E+01 6.000000E+00 -1.000000E+00 1.250000E-01 4.658475E-02 0.000000E+00 4.658475E-02 1.302083E-03 1.302083E-03 0.000000E+00 0.000000E+00 -1.000000E+00 0.000000E+00 4.472136E-01 -8.944272E-01 -1.000000E+00 
1.400000E+01 4.600000E+01 7.000000E+00 7.600000E+01 1.250000E-01 4.166667E-02 4.166667E-02 8.333333E-02 1.736111E-03 8.680556E-04 1.736111E-03 8.680556E-04 1.000000E+00 0.000000E+00 0.000000E+00 1.000000E+00 -0.000000E+00 
4.600000E+01 2.600000E+01 7.000000E+00 1.600000E+01 1.250000E-01 4.166667E-02 4.166667E-02 8.333333E-02 8.680556E-04 1.736111E-03 8.680556E-04 1.736111E-03 0.000000E+00 1.000000E+00 -1.000000E+00 0.000000E+00 -0.000000E+00 
1.000000E+00 4.200000E+01 8.000000E+00 -1.000000E+00 1.250000E-01 4.658475E-02 0.000000E+00 4.658475E-02 1.302083E-03 1.302083E-03 0.000000E+00 0.000000E+00 0.000000E+00 -1.000000E+00 8.944272E-01 -4.472136E-01 -1.000000E+00 
2.700000E+01 4.700000E+01 9.000000E+00 7.300000E+01 1.250000E-01 4.166667E-02 4.166667E-02 8.333333E-02 1.736111E-03 8.680556E-04 1.736111E-03 8.680556E-04 0.000000E+00 -1.000000E+00 1.000000E+00 0.000000E+00 -0.000000E+00 
4.700000E+01 1.900000E+01 9.000000E+00 1.500000E+01 1.250000E-01 4.166667E-02 4.166667E-02 8.333333E-02 8.680556E-04 1.736111E-03 8.680556E-04 1.736111E-03 1.000000E+00 0.000000E+00 0.000000E+00 1.000000E+00 -0.000000E+00 
1.900000E+01 2.700000E+01 9.000000E+00 1.200000E+01 1.767767E-01 2.946278E-02 2.946278E-02 5.892557E-02 1.302083E-03 1.302083E-03 1.302083E-03 1.302083E-03 -7.071068E-01 7.071068E-01 -7.071068E-01 -7.071068E-01 -0.000000E+00 
8.000000E+00 2.700000E+01 1.000000E+01 7.300000E+01 1.767767E-01 2.946278E-02 2.946278E-02 5.892557E-02 1.302083E-03 1.302083E-03 1.302083E-03 1.302083E-03 7.071068E-01 7.071068E-01 -7.071068E-01 7.071068E-01 -0.000000E+00 
2.700000E+01 4.800000E+01 1.000000E+01 6.700000E+01 1.250000E-01 4.166667E-02 4.166667E-02 8.333333E-02 1.736111E-03 8.680556E-04 1.736111E-03 8.680556E-04 -1.000000E+00 0.000000E+00 0.000000E+00 -1.000000E+00 -0.000000E+00 
4.800000E+01 8.000000E+00 1.000000E+01 -1.000000E+00 1.250000E-01 4.658475E-02 0.000000E+00 4.658475E-02 1.302083E-03 1.302083E-03 0.000000E+00 0.000000E+00 0.000000E+00 -1.000000E+00 8.944272E-01 4.472136E-01 -1.000000E+00 
4.900000E+01 1.900000E+01 1.100000E+01 1.200000E+01 1.250000E-01 4.166667E-02 4.166667E-02 8.333333E-02 8.680556E-04 1.736111E-03 8.680556E-04 1.736111E-03 0.000000E+00 -1.000000E+00 1.000000E+00 0.000000E+00 -0.000000E+00 
1.900000E+01 2.900000E+01 1.100000E+01 3.700000E+01 1.767767E-01 2.946278E-02 2.946278E-02 5.892557E-02 1.302083E-03 1.302083E-03 1.302083E-03 1.302083E-03 7.071068E-01 7.071068E-01 -7.071068E-01 7.071068E-01 -0.000000E+00 
2.900000E+01 4.900000E+01 1.100000E+01 5.300000E+01 1.250000E-01 4.166667E-02 4.166667E-02 8.333333E-02 1.736111E-03 8.680556E-04 1.736111E-03 8.680556E-04 -1.000000E+00 0.000000E+00 0.000000E+00 -1.000000E+00 -0.000000E+00 
4.900000E+01 2.700000E+01 1.200000E+01 7.700000E+01 1.250000E-01 4.166667E-02 4.166667E-02 8.333333E-02 8.680556E-04 1.736111E-03 8.680556E-04 1.736111E-03 -1.000000E+00 0.000000E+00 0.000000E+00 -1.000000E+00 -0.000000E+00 
5.000000E+01 2.900000E+01 1.300000E+01 2.800000E+01 1.250000E-01 4.166667E-02 4.166667E-02 8.333333E-02 8.680556E-04 1.736111E-03 8.680556E-04 1.736111E-03 -1.000000E+00 0.000000E+00 0.000000E+00 -1.000000E+00 -0.000000E+00 
2.900000E+01 5.000000E+00 1.300000E+01 4.200000E+01 1.767767E-01 2.946278E-02 2.946278E-02 5.892557E-02 1.302083E-03 1.302083E-03 1.302083E-03 1.302083E-03 7.071068E-01 -7.071068E-01 7.071068E-01 7.071068E-01 -0.000000E+00 
5.000000E+00 5.000000E+01 1.300000E+01 7.900000E+01 1.250000E-01 4.166667E-02 4.166667E-02 8.333333E-02 1.736111E-03 8.680556E-04 1.736111E-03 8.680556E-04 0.000000E+00 1.000000E+00 -1.000000E+00 0.000000E+00 -0.000000E+00 
5.100000E+01 3.000000E+01 1.400000E+01 1.800000E+01 1.250000E-01 4.166667E-02 4.166667E-02 8.333333E-02 8.680556E-04 1.736111E-03 8.680556E-04 1.736111E-03 0.000000E+00 1.000000E+00 -1.000000E+00 0.000000E+00 -0.000000E+00 
4.700000E+01 2.800000E+01 1.500000E+01 7.200000E+01 1.250000E-01 4.166667E-02 4.166667E-02 8.333333E-02 8.680556E-04 1.736111E-03 8.680556E-04 1.736111E-03 0.000000E+00 -1.000000E+00 1.000000E+00 0.000000E+00 -0.000000E+00 
2.800000E+01 1.900000E+01 1.500000E+01 4.600000E+01 1.767767E-01 2.946278E-02 2.946278E-02 5.892557E-02 1.302083E-03 1.302083E-03 1.302083E-03 1.302083E-03 7.071068E-01 7.071068E-01 -7.071068E-01 7.071068E-01 -0.000000E+00 
4.600000E+01 1.000000E+01 1.600000E+01 8.000000E+01 1.250000E-01 4.166667E-02 4.166667E-02 8.333333E-02 8.680556E-04 1.736111E-03 8.680556E-04 1.736111E-03 1.000000E+00 0.000000E+00 0.000000E+00 1.000000E+00 -0.000000E+00 
1.000000E+01 2.600000E+01 1.600000E+01 3.800000E+01 1.767767E-01 2.946278E-02 2.946278E-02 5.892557E-02 1.302083E-03 1.302083E-03 1.302083E-03 1.302083E-03 -7.071068E-01 7.071068E-01 -7.071068E-01 -7.071068E-01 -0.000000E+00 
2.900000E+01 1.500000E+01 1.700000E+01 2.800000E+01 1.767767E-01 2.946278E-02 2.946278E-02 5.892557E-02 1.302083E-03 1.302083E-03 1.302083E-03 1.302083E-03 7.071068E-01 7.071068E-01 -7.071068E-01 7.071068E-01 -0.000000E+00 
1.500000E+01 5.100000E+01 1.700000E+01 1.800000E+01 1.250000E-01 4.166667E-02 4.166667E-02 8.333333E-02 1.736111E-03 8.680556E-04 1.736111E-03 8.680556E-04 -1.000000E+00 0.000000E+00 0.000000E+00 -1.000000E+00 -0.000000E+00 
1.500000E+01 3.000000E+01 1.800000E+01 3.500000E+01 1.767767E-01 2.946278E-02 2.946278E-02 5.892557E-02 1.302083E-03 1.302083E-03 1.302083E-03 1.302083E-03 -7.071068E-01 7.071068E-01 -7.071068E-01 -7.071068E-01 -0.000000E+00 
6.000000E+00 3.100000E+01 1.900000E+01 8.300000E+01 1.767767E-01 2.946278E-02 2.946278E-02 5.892557E-02 1.302083E-03 1.302083E-03 1.302083E-03 1.302083E-03 7.071068E-01 -7.071068E-01 7.071068E-01 7.071068E-01 -0.000000E+00 
3.100000E+01 5.200000E+01 1.900000E+01 8.100000E+01 1.250000E-01 4.166667E-02 4.166667E-02 8.333333E-02 1.736111E-03 8.680556E-04 1.736111E-03 8.680556E-04 0.000000E+00 1.000000E+00 -1.000000E+00 0.000000E+00 -0.000000E+00 
5.200000E+01 6.000000E+00 1.900000E+01 -1.000000E+00 1.250000E-01 4.658475E-02 0.000000E+00 4.658475E-02 1.302083E-03 1.302083E-03 0.000000E+00 0.000000E+00 -1.000000E+00 0.000000E+00 4.472136E-01 -8.944272E-01 -1.000000E+00 
3.100000E+01 5.300000E+01 2.000000E+01 8.300000E+01 1.250000E-01 4.166667E-02 4.166667E-02 8.333333E-02 1.736111E-03 8.680556E-04 1.736111E-03 8.680556E-04 -1.000000E+00 0.000000E+00 0.000000E+00 -1.000000E+00 -0.000000E+00 
5.300000E+01 1.500000E+01 2.000000E+01 3.500000E+01 1.250000E-01 4.166667E-02 4.166667E-02 8.333333E-02 8.680556E-04 1.736111E-03 8.680556E-04 1.736111E-03 0.000000E+00 -1.000000E+00 1.000000E+00 0.000000E+00 -0.000000E+00 
1.500000E+01 3.100000E+01 2.000000E+01 3.400000E+01 1.767767E-01 2.946278E-02 2.946278E-02 5.892557E-02 1.302083E-03 1.302083E-03 1.302083E-03 1.302083E-03 7.071068E-01 7.071068E-01 -7.071068E-01 7.071068E-01 -0.000000E+00 
1.700000E+01 3.200000E+01 2.100000E+01 2.200000E+01 1.767767E-01 2.946278E-02 2.946278E-02 5.892557E-02 1.302083E-03 1.302083E-03 1.302083E-03 1.302083E-03 7.071068E-01 -7.071068E-01 7.071068E-01 7.071068E-01 -0.000000E+00 
3.200000E+01 5.400000E+01 2.100000E+01 8.400000E+01 1.250000E-01 4.166667E-02 4.166667E-02 8.333333E-02 1.736111E-03 8.680556E-04 1.736111E-03 8.680556E-04 0.000000E+00 1.000000E+00 -1.000000E+00 0.000000E+00 -0.000000E+00 
5.400000E+01 1.700000E+01 2.100000E+01 -1.000000E+00 1.250000E-01 4.658475E-02 0.000000E+00 4.658475E-02 1.302083E-03 1.302083E-03 0.000000E+00 0.000000E+00 -1.000000E+00 0.000000E+00 4.472136E-01 -8.944272E-01 -1.000000E+00 
1.700000E+01 5.500000E+01 2.200000E+01 8.600000E+01 1.250000E-01 4.166667E-02 4.166667E-02 8.333333E-02 1.736111E-03 8.680556E-04 1.736111E-03 8.680556E-04 0.000000E+00 -1.000000E+00 1.000000E+00 0.000000E+00 -0.000000E+00 
5.500000E+01 3.200000E+01 2.200000E+01 2.500000E+01 1.250000E-01 4.166667E-02 4.166667E-02 8.333333E-02 8.680556E-04 1.736111E-03 8.680556E-04 1.736111E-03 1.000000E+00 0.000000E+00 0.000000E+00 1.000000E+00 -0.000000E+00 
2.000000E+00 3.200000E+01 2.300000E+01 8.400000E+01 1.767767E-01 2.946278E-02 2.946278E-02 5.892557E-02 1.302083E-03 1.302083E-03 1.302083E-03 1.302083E-03 -7.071068E-01 -7.071068E-01 7.071068E-01 -7.071068E-01 -0.000000E+00 
3.200000E+01 5.600000E+01 2.300000E+01 8.700000E+01 1.250000E-01 4.166667E-02 4.166667E-02 8.333333E-02 1.736111E-03 8.680556E-04 1.736111E-03 8.680556E-04 1.000000E+00 0.000000E+00 0.000000E+00 1.000000E+00 -0.000000E+00 
5.600000E+01 2.000000E+00 2.300000E+01 -1.000000E+00 1.250000E-01 4.658475E-02 0.000000E+00 4.658475E-02 1.302083E-03 1.302083E-03 0.000000E+00 0.000000E+00 0.000000E+00 1.000000E+00 -8.944272E-01 -4.472136E-01 -1.000000E+00 
2.600000E+01 1.600000E+01 2.400000E+01 2.600000E+01 1.767767E-01 2.946278E-02 2.946278E-02 5.892557E-02 1.302083E-03 1.302083E-03 1.302083E-03 1.302083E-03 7.071068E-01 7.071068E-01 -7.071068E-01 7.071068E-01 -0.000000E+00 
1.600000E+01 4.400000E+01 2.400000E+01 -1.000000E+00 1.250000E-01 4.658475E-02 0.000000E+00 4.658475E-02 1.302083E-03 1.302083E-03 0.000000E+00 0.000000E+00 -1.000000E+00 0.000000E+00 -4.472136E-01 -8.944272E-01 -1.000000E+00 
5.500000E+01 1.100000E+01 2.500000E+01 8.500000E+01 1.250000E-01 4.166667E-02 4.166667E-02 8.333333E-02 8.680556E-04 1.736111E-03 8.680556E-04 1.736111E-03 0.000000E+00 -1.000000E+00 1.000000E+00 0.000000E+00 -0.000000E+00 
1.100000E+01 3.200000E+01 2.500000E+01 3.200000E+01 1.767767E-01 2.946278E-02 2.946278E-02 5.892557E-02 1.302083E-03 1.302083E-03 1.302083E-03 1.302083E-03 7.071068E-01 7.071068E-01 -7.071068E-01 7.071068E-01 -0.000000E+00 
2.600000E+01 4.300000E+01 2.600000E+01 3.800000E+01 1.250000E-01 4.166667E-02 4.166667E-02 8.333333E-02 1.736111E-03 8.680556E-04 1.736111E-03 8.680556E-04 1.000000E+00 0.000000E+00 0.000000E+00 1.000000E+00 -0.000000E+00 
1.500000E+01 3.300000E+01 2.700000E+01 5.500000E+01 1.767767E-01 2.946278E-02 2.946278E-02 5.892557E-02 1.302083E-03 1.302083E-03 1.302083E-03 1.302083E-03 7.071068E-01 -7.071068E-01 7.071068E-01 7.071068E-01 -0.000000E+00 
3.300000E+01 5.700000E+01 2.700000E+01 8.900000E+01 1.250000E-01 4.166667E-02 4.166667E-02 8.333333E-02 1.736111E-03 8.680556E-04 1.736111E-03 8.680556E-04 0.000000E+00 1.000000E+00 -1.000000E+00 0.000000E+00 -0.000000E+00 
5.700000E+01 1.500000E+01 2.700000E+01 3.400000E+01 1.250000E-01 4.166667E-02 4.166667E-02 8.333333E-02 8.680556E-04 1.736111E-03 8.680556E-04 1.736111E-03 -1.000000E+00 0.000000E+00 0.000000E+00 -1.000000E+00 -0.000000E+00 
5.000000E+01 1.500000E+01 2.800000E+01 5.500000E+01 1.250000E-01 4.166667E-02 4.166667E-02 8.333333E-02 8.680556E-04 1.736111E-03 8.680556E-04 1.736111E-03 0.000000E+00 1.000000E+00 -1.000000E+00 0.000000E+00 -0.000000E+00 
1.100000E+01 3.400000E+01 2.900000E+01 3.000000E+01 1.767767E-01 2.946278E-02 2.946278E-02 5.892557E-02 1.302083E-03 1.302083E-03 1.302083E-03 1.302083E-03 7.071068E-01 -7.071068E-01 7.071068E-01 7.071068E-01 -0.000000E+00 
3.400000E+01 5.800000E+01 2.900000E+01 9.100000E+01 1.250000E-01 4.166667E-02 4.166667E-02 8.333333E-02 1.736111E-03 8.680556E-04 1.736111E-03 8.680556E-04 0.000000E+00 1.000000E+00 -1.000000E+00 0.000000E+00 -0.000000E+00 
5.800000E+01 1.100000E+01 2.900000E+01 3.200000E+01 1.250000E-01 4.166667E-02 4.166667E-02 8.333333E-02 8.680556E-04 1.736111E-03 8.680556E-04 1.736111E-03 -1.000000E+00 0.000000E+00 0.000000E+00 -1.000000E+00 -0.000000E+00 
1.100000E+01 5.900000E+01 3.000000E+01 9.300000E+01 1.250000E-01 4.166667E-02 4.166667E-02 8.333333E-02 1.736111E-03 8.680556E-04 1.736111E-03 8.680556E-04 0.000000E+00 -1.000000E+00 1.000000E+00 0.000000E+00 -0.000000E+00 
5.900000E+01 3.400000E+01 3.000000E+01 3.300000E+01 1.250000E-01 4.166667E-02 4.166667E-02 8.333333E-02 8.680556E-04 1.736111E-03 8.680556E-04 1.736111E-03 1.000000E+00 0.000000E+00 0.000000E+00 1.000000E+00 -0.000000E+00 
1.800000E+01 3.400000E+01 3.100000E+01 9.100000E+01 1.767767E-01 2.946278E-02 2.946278E-02 5.892557E-02 1.302083E-03 1.302083E-03 1.302083E-03 1.302083E-03 -7.071068E-01 -7.071068E-01 7.071068E-01 -7.071068E-01 -0.000000E+00 
3.400000E+01 6.000000E+01 3.100000E+01 9.400000E+01 1.250000E-01 4.166667E-02 4.166667E-02 8.333333E-02 1.736111E-03 8.680556E-04 1.736111E-03 8.680556E-04 1.000000E+00 0.000000E+00 0.000000E+00 1.000000E+00 -0.000000E+00 
6.000000E+01 1.800000E+01 3.100000E+01 -1.000000E+00 1.250000E-01 4.658475E-02 0.000000E+00 4.658475E-02 1.302083E-03 1.302083E-03 0.000000E+00 0.000000E+00 0.000000E+00 1.000000E+00 -8.944272E-01 -4.472136E-01 -1.000000E+00 
5.800000E+01 3.200000E+01 3.200000E+01 9.000000E+01 1.250000E-01 4.166667E-02 4.166667E-02 8.333333E-02 8.680556E-04 1.736111E-03 8.680556E-04 1.736111E-03 0.000000E+00 1.000000E+00 -1.000000E+00 0.000000E+00 -0.000000E+00 
5.900000E+01 2.400000E+01 3.300000E+01 9.200000E+01 1.250000E-01 4.166667E-02 4.166667E-02 8.333333E-02 8.680556E-04 1.736111E-03 8.680556E-04 1.736111E-03 0.000000E+00 -1.000000E+00 1.000000E+00 0.000000E+00 -0.000000E+00 
2.400000E+01 3.400000E+01 3.300000E+01 6.400000E+01 1.767767E-01 2.946278E-02 2.946278E-02 5.892557E-02 1.302083E-03 1.302083E-03 1.302083E-03 1.302083E-03 7.071068E-01 7.071068E-01 -7.071068E-01 7.071068E-01 -0.000000E+00 
5.700000E+01 3.100000E+01 3.400000E+01 8.800000E+01 1.250000E-01 4.166667E-02 4.166667E-02 8.333333E-02 8.680556E-04 1.736111E-03 8.680556E-04 1.736111E-03 0.000000E+00 1.000000E+00 -1.000000E+00 0.000000E+00 -0.000000E+00 
5.300000E+01 3.000000E+01 3.500000E+01 8.200000E+01 1.250000E-01 4.166667E-02 4.166667E-02 8.333333E-02 8.680556E-04 1.736111E-03 8.680556E-04 1.736111E-03 -1.000000E+00 0.000000E+00 0.000000E+00 -1.000000E+00 -0.000000E+00 
3.000000E+01 6.000000E+00 3.600000E+01 8.200000E+01 1.767767E-01 2.946278E-02 2.946278E-02 5.892557E-02 1.302083E-03 1.302083E-03 1.302083E-03 1.302083E-03 7.071068E-01 7.071068E-01 -7.071068E-01 7.071068E-01 -0.000000E+00 
6.000000E+00 4.500000E+01 3.600000E+01 -1.000000E+00 1.250000E-01 4.658475E-02 0.000000E+00 4.658475E-02 1.302083E-03 1.302083E-03 0.000000E+00 0.000000E+00 -1.000000E+00 0.000000E+00 -4.472136E-01 -8.944272E-01 -1.000000E+00 
6.100000E+01 2.900000E+01 3.700000E+01 4.200000E+01 1.250000E-01 4.166667E-02 4.166667E-02 8.333333E-02 8.680556E-04 1.736111E-03 8.680556E-04 1.736111E-03 0.000000E+00 1.000000E+00 -1.000000E+00 0.000000E+00 -0.000000E+00 
1.900000E+01 6.100000E+01 3.700000E+01 9.600000E+01 1.250000E-01 4.166667E-02 4.166667E-02 8.333333E-02 1.736111E-03 8.680556E-04 1.736111E-03 8.680556E-04 1.000000E+00 0.000000E+00 0.000000E+00 1.000000E+00 -0.000000E+00 
2.800000E+01 6.200000E+01 3.900000E+01 9.800000E+01 1.250000E-01 4.166667E-02 4.166667E-02 8.333333E-02 1.736111E-03 8.680556E-04 1.736111E-03 8.680556E-04 0.000000E+00 -1.000000E+00 1.000000E+00 0.000000E+00 -0.000000E+00 
6.200000E+01 1.200000E+01 3.900000E+01 4.500000E+01 1.250000E-01 4.166667E-02 4.166667E-02 8.333333E-02 8.680556E-04 1.736111E-03 8.680556E-04 1.736111E-03 1.000000E+00 0.000000E+00 0.000000E+00 1.000000E+00 -0.000000E+00 
1.200000E+01 2.800000E+01 3.900000E+01 4.300000E+01 1.767767E-01 2.946278E-02 2.946278E-02 5.892557E-02 1.302083E-03 1.302083E-03 1.302083E-03 1.302083E-03 -7.071068E-01 7.071068E-01 -7.071068E-01 -7.071068E-01 -0.000000E+00 
2.100000E+01 2.800000E+01 4.000000E+01 9.800000E+01 1.767767E-01 2.946278E-02 2.946278E-02 5.892557E-02 1.302083E-03 1.302083E-03 1.302083E-03 1.302083E-03 7.071068E-01 7.071068E-01 -7.071068E-01 7.071068E-01 -0.000000E+00 
2.800000E+01 6.300000E+01 4.000000E+01 9.900000E+01 1.250000E-01 4.166667E-02 4.166667E-02 8.333333E-02 1.736111E-03 8.680556E-04 1.736111E-03 8.680556E-04 -1.000000E+00 0.000000E+00 0.000000E+00 -1.000000E+00 -0.000000E+00 
6.300000E+01 2.100000E+01 4.000000E+01 -1.000000E+00 1.250000E-01 4.658475E-02 0.000000E+00 4.658475E-02 1.302083E-03 1.302083E-03 0.000000E+00 0.000000E+00 0.000000E+00 -1.000000E+00 8.944272E-01 4.472136E-01 -1.000000E+00 
5.000000E+00 3.500000E+01 4.100000E+01 9.500000E+01 1.767767E-01 2.946278E-02 2.946278E-02 5.892557E-02 1.302083E-03 1.302083E-03 1.302083E-03 1.302083E-03 -7.071068E-01 -7.071068E-01 7.071068E-01 -7.071068E-01 -0.000000E+00 
3.500000E+01 6.400000E+01 4.100000E+01 1.010000E+02 1.250000E-01 4.166667E-02 4.166667E-02 8.333333E-02 1.736111E-03 8.680556E-04 1.736111E-03 8.680556E-04 1.000000E+00 0.000000E+00 0.000000E+00 1.000000E+00 -0.000000E+00 
6.400000E+01 5.000000E+00 4.100000E+01 5.600000E+01 1.250000E-01 4.166667E-02 4.166667E-02 8.333333E-02 8.680556E-04 1.736111E-03 8.680556E-04 1.736111E-03 0.000000E+00 1.000000E+00 -1.000000E+00 0.000000E+00 -0.000000E+00 
6.100000E+01 5.000000E+00 4.200000E+01 9.500000E+01 1.250000E-01 4.166667E-02 4.166667E-02 8.333333E-02 8.680556E-04 1.736111E-03 8.680556E-04 1.736111E-03 1.000000E+00 0.000000E+00 0.000000E+00 1.000000E+00 -0.000000E+00 
1.200000E+01 6.500000E+01 4.300000E+01 1.030000E+02 1.250000E-01 4.166667E-02 4.166667E-02 8.333333E-02 1.736111E-03 8.680556E-04 1.736111E-03 8.680556E-04 0.000000E+00 1.000000E+00 -1.000000E+00 0.000000E+00 -0.000000E+00 
6.500000E+01 2.800000E+01 4.300000E+01 4.600000E+01 1.250000E-01 4.166667E-02 4.166667E-02 8.333333E-02 8.680556E-04 1.736111E-03 8.680556E-04 1.736111E-03 -1.000000E+00 0.000000E+00 0.000000E+00 -1.000000E+00 -0.000000E+00 
3.500000E+01 1.200000E+01 4.400000E+01 1.030000E+02 1.767767E-01 2.946278E-02 2.946278E-02 5.892557E-02 1.302083E-03 1.302083E-03 1.302083E-03 1.302083E-03 -7.071068E-01 -7.071068E-01 7.071068E-01 -7.071068E-01 -0.000000E+00 
1.200000E+01 6.600000E+01 4.400000E+01 1.050000E+02 1.250000E-01 4.166667E-02 4.166667E-02 8.333333E-02 1.736111E-03 8.680556E-04 1.736111E-03 8.680556E-04 1.000000E+00 0.000000E+00 0.000000E+00 1.000000E+00 -0.000000E+00 
6.600000E+01 3.500000E+01 4.400000E+01 5.000000E+01 1.250000E-01 4.166667E-02 4.166667E-02 8.333333E-02 8.680556E-04 1.736111E-03 8.680556E-04 1.736111E-03 0.000000E+00 1.000000E+00 -1.000000E+00 0.000000E+00 -0.000000E+00 
6.200000E+01 3.600000E+01 4.500000E+01 9.700000E+01 1.250000E-01 4.166667E-02 4.166667E-02 8.333333E-02 8.680556E-04 1.736111E-03 8.680556E-04 1.736111E-03 0.000000E+00 -1.000000E+00 1.000000E+00 0.000000E+00 -0.000000E+00 
3.600000E+01 1.200000E+01 4.500000E+01 5.400000E+01 1.767767E-01 2.946278E-02 2.946278E-02 5.892557E-02 1.302083E-03 1.302083E-03 1.302083E-03 1.302083E-03 7.071068E-01 7.071068E-01 -7.071068E-01 7.071068E-01 -0.000000E+00 
6.500000E+01 1.900000E+01 4.600000E+01 1.020000E+02 1.250000E-01 4.166667E-02 4.166667E-02 8.333333E-02 8.680556E-04 1.736111E-03 8.680556E-04 1.736111E-03 0.000000E+00 1.000000E+00 -1.000000E+00 0.000000E+00 -0.000000E+00 
3.600000E+01 6.700000E+01 4.700000E+01 1.060000E+02 1.250000E-01 4.166667E-02 4.166667E-02 8.333333E-02 1.736111E-03 8.680556E-04 1.736111E-03 8.680556E-04 0.000000E+00 -1.000000E+00 1.000000E+00 0.000000E+00 -0.000000E+00 
6.700000E+01 2.200000E+01 4.700000E+01 -1.000000E+00 1.250000E-01 4.658475E-02 0.000000E+00 4.658475E-02 1.302083E-03 1.302083E-03 0.000000E+00 0.000000E+00 1.000000E+00 0.000000E+00 -4.472136E-01 8.944272E-01 -1.000000E+00 
2.200000E+01 3.600000E+01 4.700000E+01 5.100000E+01 1.767767E-01 2.946278E-02 2.946278E-02 5.892557E-02 1.302083E-03 1.302083E-03 1.302083E-03 1.302083E-03 -7.071068E-01 7.071068E-01 -7.071068E-01 -7.071068E-01 -0.000000E+00 
4.000000E+00 3.600000E+01 4.800000E+01 1.060000E+02 1.767767E-01 2.946278E-02 2.946278E-02 5.892557E-02 1.302083E-03 1.302083E-03 1.302083E-03 1.302083E-03 7.071068E-01 7.071068E-01 -7.071068E-01 7.071068E-01 -0.000000E+00 
3.600000E+01 6.800000E+01 4.800000E+01 1.070000E+02 1.250000E-01 4.166667E-02 4.166667E-02 8.333333E-02 1.736111E-03 8.680556E-04 1.736111E-03 8.680556E-04 -1.000000E+00 0.000000E+00 0.000000E+00 -1.000000E+00 -0.000000E+00 
6.800000E+01 4.000000E+00 4.800000E+01 -1.000000E+00 1.250000E-01 4.658475E-02 0.000000E+00 4.658475E-02 1.302083E-03 1.302083E-03 0.000000E+00 0.000000E+00 0.000000E+00 -1.000000E+00 8.944272E-01 4.472136E-01 -1.000000E+00 
2.000000E+01 3.700000E+01 4.900000E+01 1.040000E+02 1.767767E-01 2.946278E-02 2.946278E-02 5.892557E-02 1.302083E-03 1.302083E-03 1.302083E-03 1.302083E-03 -7.071068E-01 -7.071068E-01 7.071068E-01 -7.071068E-01 -0.000000E+00 
3.700000E+01 6.900000E+01 4.900000E+01 1.090000E+02 1.250000E-01 4.166667E-02 4.166667E-02 8.333333E-02 1.736111E-03 8.680556E-04 1.736111E-03 8.680556E-04 1.000000E+00 0.000000E+00 0.000000E+00 1.000000E+00 -0.000000E+00 
6.900000E+01 2.000000E+01 4.900000E+01 7.500000E+01 1.250000E-01 4.166667E-02 4.166667E-02 8.333333E-02 8.680556E-04 1.736111E-03 8.680556E-04 1.736111E-03 0.000000E+00 1.000000E+00 -1.000000E+00 0.000000E+00 -0.000000E+00 
2.000000E+01 3.500000E+01 5.000000E+01 1.010000E+02 1.767767E-01 2.946278E-02 2.946278E-02 5.892557E-02 1.302083E-03 1.302083E-03 1.302083E-03 1.302083E-03 -7.071068E-01 7.071068E-01 -7.071068E-01 -7.071068E-01 -0.000000E+00 
6.600000E+01 2.000000E+01 5.000000E+01 1.040000E+02 1.250000E-01 4.166667E-02 4.166667E-02 8.333333E-02 8.680556E-04 1.736111E-03 8.680556E-04 1.736111E-03 1.000000E+00 0.000000E+00 0.000000E+00 1.000000E+00 -0.000000E+00 
2.200000E+01 7.000000E+01 5.100000E+01 1.110000E+02 1.250000E-01 4.166667E-02 4.166667E-02 8.333333E-02 1.736111E-03 8.680556E-04 1.736111E-03 8.680556E-04 0.000000E+00 1.000000E+00 -1.000000E+00 0.000000E+00 -0.000000E+00 
7.000000E+01 3.600000E+01 5.100000E+01 5.400000E+01 1.250000E-01 4.166667E-02 4.166667E-02 8.333333E-02 8.680556E-04 1.736111E-03 8.680556E-04 1.736111E-03 -1.000000E+00 0.000000E+00 0.000000E+00 -1.000000E+00 -0.000000E+00 
3.700000E+01 7.100000E+01 5.200000E+01 1.120000E+02 1.250000E-01 4.166667E-02 4.166667E-02 8.333333E-02 1.736111E-03 8.680556E-04 1.736111E-03 8.680556E-04 0.000000E+00 -1.000000E+00 1.000000E+00 0.000000E+00 -0.000000E+00 
7.100000E+01 7.000000E+00 5.200000E+01 -1.000000E+00 1.250000E-01 4.658475E-02 0.000000E+00 4.658475E-02 1.302083E-03 1.302083E-03 0.000000E+00 0.000000E+00 1.000000E+00 0.000000E+00 -4.472136E-01 8.944272E-01 -1.000000E+00 
7.000000E+00 3.700000E+01 5.200000E+01 1.090000E+02 1.767767E-01 2.946278E-02 2.946278E-02 5.892557E-02 1.302083E-03 1.302083E-03 1.302083E-03 1.302083E-03 -7.071068E-01 7.071068E-01 -7.071068E-01 -7.071068E-01 -0.000000E+00 
1.000000E+01 4.900000E+01 5.300000E+01 7.700000E+01 1.250000E-01 4.166667E-02 4.166667E-02 8.333333E-02 1.736111E-03 8.680556E-04 1.736111E-03 8.680556E-04 0.000000E+00 -1.000000E+00 1.000000E+00 0.000000E+00 -0.000000E+00 
7.000000E+01 1.200000E+01 5.400000E+01 1.100000E+02 1.250000E-01 4.166667E-02 4.166667E-02 8.333333E-02 8.680556E-04 1.736111E-03 8.680556E-04 1.736111E-03 0.000000E+00 1.000000E+00 -1.000000E+00 0.000000E+00 -0.000000E+00 
5.000000E+01 3.300000E+01 5.500000E+01 7.900000E+01 1.250000E-01 4.166667E-02 4.166667E-02 8.333333E-02 8.680556E-04 1.736111E-03 8.680556E-04 1.736111E-03 1.000000E+00 0.000000E+00 0.000000E+00 1.000000E+00 -0.000000E+00 
6.400000E+01 3.800000E+01 5.600000E+01 1.000000E+02 1.250000E-01 4.166667E-02 4.166667E-02 8.333333E-02 8.680556E-04 1.736111E-03 8.680556E-04 1.736111E-03 1.000000E+00 0.000000E+00 0.000000E+00 1.000000E+00 -0.000000E+00 
3.800000E+01 5.000000E+00 5.600000E+01 5.800000E+01 1.767767E-01 2.946278E-02 2.946278E-02 5.892557E-02 1.302083E-03 1.302083E-03 1.302083E-03 1.302083E-03 -7.071068E-01 7.071068E-01 -7.071068E-01 -7.071068E-01 -0.000000E+00 
2.400000E+01 3.800000E+01 5.700000E+01 1.160000E+02 1.767767E-01 2.946278E-02 2.946278E-02 5.892557E-02 1.302083E-03 1.302083E-03 1.302083E-03 1.302083E-03 -7.071068E-01 -7.071068E-01 7.071068E-01 -7.071068E-01 -0.000000E+00 
3.800000E+01 7.200000E+01 5.700000E+01 1.140000E+02 1.250000E-01 4.166667E-02 4.166667E-02 8.333333E-02 1.736111E-03 8.680556E-04 1.736111E-03 8.680556E-04 1.000000E+00 0.000000E+00 0.000000E+00 1.000000E+00 -0.000000E+00 
7.200000E+01 2.400000E+01 5.700000E+01 6.100000E+01 1.250000E-01 4.166667E-02 4.166667E-02 8.333333E-02 8.680556E-04 1.736111E-03 8.680556E-04 1.736111E-03 0.000000E+00 1.000000E+00 -1.000000E+00 0.000000E+00 -0.000000E+00 
3.800000E+01 7.300000E+01 5.800000E+01 1.160000E+02 1.250000E-01 4.166667E-02 4.166667E-02 8.333333E-02 1.736111E-03 8.680556E-04 1.736111E-03 8.680556E-04 0.000000E+00 1.000000E+00 -1.000000E+00 0.000000E+00 -0.000000E+00 
7.300000E+01 5.000000E+00 5.800000E+01 7.800000E+01 1.250000E-01 4.166667E-02 4.166667E-02 8.333333E-02 8.680556E-04 1.736111E-03 8.680556E-04 1.736111E-03 -1.000000E+00 0.000000E+00 0.000000E+00 -1.000000E+00 -0.000000E+00 
9.000000E+00 3.900000E+01 5.900000E+01 1.190000E+02 1.767767E-01 2.946278E-02 2.946278E-02 5.892557E-02 1.302083E-03 1.302083E-03 1.302083E-03 1.302083E-03 -7.071068E-01 -7.071068E-01 7.071068E-01 -7.071068E-01 -0.000000E+00 
3.900000E+01 7.400000E+01 5.900000E+01 1.170000E+02 1.250000E-01 4.166667E-02 4.166667E-02 8.333333E-02 1.736111E-03 8.680556E-04 1.736111E-03 8.680556E-04 1.000000E+00 0.000000E+00 0.000000E+00 1.000000E+00 -0.000000E+00 
7.400000E+01 9.000000E+00 5.900000E+01 -1.000000E+00 1.250000E-01 4.658475E-02 0.000000E+00 4.658475E-02 1.302083E-03 1.302083E-03 0.000000E+00 0.000000E+00 0.000000E+00 1.000000E+00 -8.944272E-01 -4.472136E-01 -1.000000E+00 
3.900000E+01 7.500000E+01 6.000000E+01 1.190000E+02 1.250000E-01 4.166667E-02 4.166667E-02 8.333333E-02 1.736111E-03 8.680556E-04 1.736111E-03 8.680556E-04 0.000000E+00 1.000000E+00 -1.000000E+00 0.000000E+00 -0.000000E+00 
7.500000E+01 2.400000E+01 6.000000E+01 6.400000E+01 1.250000E-01 4.166667E-02 4.166667E-02 8.333333E-02 8.680556E-04 1.736111E-03 8.680556E-04 1.736111E-03 -1.000000E+00 0.000000E+00 0.000000E+00 -1.000000E+00 -0.000000E+00 
2.400000E+01 3.900000E+01 6.000000E+01 6.100000E+01 1.767767E-01 2.946278E-02 2.946278E-02 5.892557E-02 1.302083E-03 1.302083E-03 1.302083E-03 1.302083E-03 7.071068E-01 -7.071068E-01 7.071068E-01 7.071068E-01 -0.000000E+00 
7.200000E+01 3.900000E+01 6.100000E+01 1.130000E+02 1.250000E-01 4.166667E-02 4.166667E-02 8.333333E-02 8.680556E-04 1.736111E-03 8.680556E-04 1.736111E-03 1.000000E+00 0.000000E+00 0.000000E+00 1.000000E+00 -0.000000E+00 
3.900000E+01 1.300000E+01 6.200000E+01 1.130000E+02 1.767767E-01 2.946278E-02 2.946278E-02 5.892557E-02 1.302083E-03 1.302083E-03 1.302083E-03 1.302083E-03 -7.071068E-01 -7.071068E-01 7.071068E-01 -7.071068E-01 -0.000000E+00 
1.300000E+01 7.600000E+01 6.200000E+01 1.210000E+02 1.250000E-01 4.166667E-02 4.166667E-02 8.333333E-02 1.736111E-03 8.680556E-04 1.736111E-03 8.680556E-04 1.000000E+00 0.000000E+00 0.000000E+00 1.000000E+00 -0.000000E+00 
7.600000E+01 3.900000E+01 6.200000E+01 7.000000E+01 1.250000E-01 4.166667E-02 4.166667E-02 8.333333E-02 8.680556E-04 1.736111E-03 8.680556E-04 1.736111E-03 0.000000E+00 1.000000E+00 -1.000000E+00 0.000000E+00 -0.000000E+00 
7.700000E+01 4.100000E+01 6.300000E+01 6.600000E+01 1.250000E-01 4.166667E-02 4.166667E-02 8.333333E-02 8.680556E-04 1.736111E-03 8.680556E-04 1.736111E-03 0.000000E+00 -1.000000E+00 1.000000E+00 0.000000E+00 -0.000000E+00 
4.100000E+01 1.300000E+01 6.300000E+01 7.400000E+01 1.767767E-01 2.946278E-02 2.946278E-02 5.892557E-02 1.302083E-03 1.302083E-03 1.302083E-03 1.302083E-03 7.071068E-01 7.071068E-01 -7.071068E-01 7.071068E-01 -0.000000E+00 
1.300000E+01 7.700000E+01 6.300000E+01 1.230000E+02 1.250000E-01 4.166667E-02 4.166667E-02 8.333333E-02 1.736111E-03 8.680556E-04 1.736111E-03 8.680556E-04 -1.000000E+00 0.000000E+00 0.000000E+00 -1.000000E+00 -0.000000E+00 
7.500000E+01 3.400000E+01 6.400000E+01 1.180000E+02 1.250000E-01 4.166667E-02 4.166667E-02 8.333333E-02 8.680556E-04 1.736111E-03 8.680556E-04 1.736111E-03 0.000000E+00 1.000000E+00 -1.000000E+00 0.000000E+00 -0.000000E+00 
4.100000E+01 7.800000E+01 6.500000E+01 1.240000E+02 1.250000E-01 4.166667E-02 4.166667E-02 8.333333E-02 1.736111E-03 8.680556E-04 1.736111E-03 8.680556E-04 0.000000E+00 -1.000000E+00 1.000000E+00 0.000000E+00 -0.000000E+00 
7.800000E+01 2.500000E+01 6.500000E+01 -1.000000E+00 1.250000E-01 4.658475E-02 0.000000E+00 4.658475E-02 1.302083E-03 1.302083E-03 0.000000E+00 0.000000E+00 1.000000E+00 0.000000E+00 -4.472136E-01 8.944272E-01 -1.000000E+00 
2.500000E+01 4.100000E+01 6.500000E+01 6.800000E+01 1.767767E-01 2.946278E-02 2.946278E-02 5.892557E-02 1.302083E-03 1.302083E-03 1.302083E-03 1.302083E-03 -7.071068E-01 7.071068E-01 -7.071068E-01 -7.071068E-01 -0.000000E+00 
7.700000E+01 2.000000E+01 6.600000E+01 1.220000E+02 1.250000E-01 4.166667E-02 4.166667E-02 8.333333E-02 8.680556E-04 1.736111E-03 8.680556E-04 1.736111E-03 -1.000000E+00 0.000000E+00 0.000000E+00 -1.000000E+00 -0.000000E+00 
2.000000E+01 4.100000E+01 6.600000E+01 7.500000E+01 1.767767E-01 2.946278E-02 2.946278E-02 5.892557E-02 1.302083E-03 1.302083E-03 1.302083E-03 1.302083E-03 7.071068E-01 -7.071068E-01 7.071068E-01 7.071068E-01 -0.000000E+00 
2.700000E+01 1.400000E+01 6.700000E+01 7.600000E+01 1.767767E-01 2.946278E-02 2.946278E-02 5.892557E-02 1.302083E-03 1.302083E-03 1.302083E-03 1.302083E-03 -7.071068E-01 7.071068E-01 -7.071068E-01 -7.071068E-01 -0.000000E+00 
1.400000E+01 4.800000E+01 6.700000E+01 -1.000000E+00 1.250000E-01 4.658475E-02 0.000000E+00 4.658475E-02 1.302083E-03 1.302083E-03 0.000000E+00 0.000000E+00 0.000000E+00 -1.000000E+00 8.944272E-01 -4.472136E-01 -1.000000E+00 
2.500000E+01 7.900000E+01 6.800000E+01 1.260000E+02 1.250000E-01 4.166667E-02 4.166667E-02 8.333333E-02 1.736111E-03 8.680556E-04 1.736111E-03 8.680556E-04 0.000000E+00 1.000000E+00 -1.000000E+00 0.000000E+00 -0.000000E+00 
7.900000E+01 4.100000E+01 6.800000E+01 7.400000E+01 1.250000E-01 4.166667E-02 4.166667E-02 8.333333E-02 8.680556E-04 1.736111E-03 8.680556E-04 1.736111E-03 -1.000000E+00 0.000000E+00 0.000000E+00 -1.000000E+00 -0.000000E+00 
2.300000E+01 4.000000E+01 6.900000E+01 1.200000E+02 1.767767E-01 2.946278E-02 2.946278E-02 5.892557E-02 1.302083E-03 1.302083E-03 1.302083E-03 1.302083E-03 -7.071068E-01 -7.071068E-01 7.071068E-01 -7.071068E-01 -0.000000E+00 
4.000000E+01 8.000000E+01 6.900000E+01 1.270000E+02 1.250000E-01 4.166667E-02 4.166667E-02 8.333333E-02 1.736111E-03 8.680556E-04 1.736111E-03 8.680556E-04 1.000000E+00 0.000000E+00 0.000000E+00 1.000000E+00 -0.000000E+00 
8.000000E+01 2.300000E+01 6.900000E+01 -1.000000E+00 1.250000E-01 4.658475E-02 0.000000E+00 4.658475E-02 1.302083E-03 1.302083E-03 0.000000E+00 0.000000E+00 0.000000E+00 1.000000E+00 -8.944272E-01 -4.472136E-01 -1.000000E+00 
2.300000E+01 3.900000E+01 7.000000E+01 1.170000E+02 1.767767E-01 2.946278E-02 2.946278E-02 5.892557E-02 1.302083E-03 1.302083E-03 1.302083E-03 1.302083E-03 -7.071068E-01 7.071068E-01 -7.071068E-01 -7.071068E-01 -0.000000E+00 
7.600000E+01 2.300000E+01 7.000000E+01 1.200000E+02 1.250000E-01 4.166667E-02 4.166667E-02 8.333333E-02 8.680556E-04 1.736111E-03 8.680556E-04 1.736111E-03 1.000000E+00 0.000000E+00 0.000000E+00 1.000000E+00 -0.000000E+00 
3.000000E+00 4.000000E+01 7.100000E+01 1.270000E+02 1.767767E-01 2.946278E-02 2.946278E-02 5.892557E-02 1.302083E-03 1.302083E-03 1.302083E-03 1.302083E-03 -7.071068E-01 7.071068E-01 -7.071068E-01 -7.071068E-01 -0.000000E+00 
4.000000E+01 8.100000E+01 7.100000E+01 1.280000E+02 1.250000E-01 4.166667E-02 4.166667E-02 8.333333E-02 1.736111E-03 8.680556E-04 1.736111E-03 8.680556E-04 0.000000E+00 -1.000000E+00 1.000000E+00 0.000000E+00 -0.000000E+00 
8.100000E+01 3.000000E+00 7.100000E+01 -1.000000E+00 1.250000E-01 4.658475E-02 0.000000E+00 4.658475E-02 1.302083E-03 1.302083E-03 0.000000E+00 0.000000E+00 1.000000E+00 0.000000E+00 -4.472136E-01 8.944272E-01 -1.000000E+00 
8.000000E+00 2.800000E+01 7.200000E+01 9.900000E+01 1.767767E-01 2.946278E-02 2.946278E-02 5.892557E-02 1.302083E-03 1.302083E-03 1.302083E-03 1.302083E-03 7.071068E-01 -7.071068E-01 7.071068E-01 7.071068E-01 -0.000000E+00 
4.700000E+01 8.000000E+00 7.200000E+01 7.300000E+01 1.250000E-01 4.166667E-02 4.166667E-02 8.333333E-02 8.680556E-04 1.736111E-03 8.680556E-04 1.736111E-03 -1.000000E+00 0.000000E+00 0.000000E+00 -1.000000E+00 -0.000000E+00 
7.900000E+01 1.300000E+01 7.400000E+01 1.250000E+02 1.250000E-01 4.166667E-02 4.166667E-02 8.333333E-02 8.680556E-04 1.736111E-03 8.680556E-04 1.736111E-03 0.000000E+00 1.000000E+00 -1.000000E+00 0.000000E+00 -0.000000E+00 
6.900000E+01 4.100000E+01 7.500000E+01 1.080000E+02 1.250000E-01 4.166667E-02 4.166667E-02 8.333333E-02 8.680556E-04 1.736111E-03 8.680556E-04 1.736111E-03 1.000000E+00 0.000000E+00 0.000000E+00 1.000000E+00 -0.000000E+00 
2.700000E+01 4.600000E+01 7.600000E+01 8.000000E+01 1.250000E-01 4.166667E-02 4.166667E-02 8.333333E-02 1.736111E-03 8.680556E-04 1.736111E-03 8.680556E-04 0.000000E+00 1.000000E+00 -1.000000E+00 0.000000E+00 -0.000000E+00 
1.000000E+01 2.700000E+01 7.700000E+01 8.000000E+01 1.767767E-01 2.946278E-02 2.946278E-02 5.892557E-02 1.302083E-03 1.302083E-03 1.302083E-03 1.302083E-03 -7.071068E-01 -7.071068E-01 7.071068E-01 -7.071068E-01 -0.000000E+00 
7.300000E+01 3.300000E+01 7.800000E+01 1.150000E+02 1.250000E-01 4.166667E-02 4.166667E-02 8.333333E-02 8.680556E-04 1.736111E-03 8.680556E-04 1.736111E-03 0.000000E+00 1.000000E+00 -1.000000E+00 0.000000E+00 -0.000000E+00 
3.300000E+01 5.000000E+00 7.800000E+01 7.900000E+01 1.767767E-01 2.946278E-02 2.946278E-02 5.892557E-02 1.302083E-03 1.302083E-03 1.302083E-03 1.302083E-03 -7.071068E-01 -7.071068E-01 7.071068E-01 -7.071068E-01 -0.000000E+00 
3.100000E+01 1.700000E+01 8.100000E+01 8.600000E+01 1.767767E-01 2.946278E-02 2.946278E-02 5.892557E-02 1.302083E-03 1.302083E-03 1.302083E-03 1.302083E-03 7.071068E-01 7.071068E-01 -7.071068E-01 7.071068E-01 -0.000000E+00 
1.700000E+01 5.200000E+01 8.100000E+01 -1.000000E+00 1.250000E-01 4.658475E-02 0.000000E+00 4.658475E-02 1.302083E-03 1.302083E-03 0.000000E+00 0.000000E+00 -1.000000E+00 0.000000E+00 -4.472136E-01 -8.944272E-01 -1.000000E+00 
5.300000E+01 6.000000E+00 8.200000E+01 8.300000E+01 1.250000E-01 4.166667E-02 4.166667E-02 8.333333E-02 8.680556E-04 1.736111E-03 8.680556E-04 1.736111E-03 0.000000E+00 1.000000E+00 -1.000000E+00 0.000000E+00 -0.000000E+00 
2.000000E+00 5.400000E+01 8.400000E+01 -1.000000E+00 1.250000E-01 4.658475E-02 0.000000E+00 4.658475E-02 1.302083E-03 1.302083E-03 0.000000E+00 0.000000E+00 -1.000000E+00 0.000000E+00 -4.472136E-01 -8.944272E-01 -1.000000E+00 
3.100000E+01 1.100000E+01 8.500000E+01 8.800000E+01 1.767767E-01 2.946278E-02 2.946278E-02 5.892557E-02 1.302083E-03 1.302083E-03 1.302083E-03 1.302083E-03 7.071068E-01 -7.071068E-01 7.071068E-01 7.071068E-01 -0.000000E+00 
5.500000E+01 3.100000E+01 8.500000E+01 8.600000E+01 1.250000E-01 4.166667E-02 4.166667E-02 8.333333E-02 8.680556E-04 1.736111E-03 8.680556E-04 1.736111E-03 -1.000000E+00 0.000000E+00 0.000000E+00 -1.000000E+00 -0.000000E+00 
3.200000E+01 1.800000E+01 8.700000E+01 9.000000E+01 1.767767E-01 2.946278E-02 2.946278E-02 5.892557E-02 1.302083E-03 1.302083E-03 1.302083E-03 1.302083E-03 7.071068E-01 -7.071068E-01 7.071068E-01 7.071068E-01 -0.000000E+00 
1.800000E+01 5.600000E+01 8.700000E+01 -1.000000E+00 1.250000E-01 4.658475E-02 0.000000E+00 4.658475E-02 1.302083E-03 1.302083E-03 0.000000E+00 0.000000E+00 0.000000E+00 1.000000E+00 -8.944272E-01 4.472136E-01 -1.000000E+00 
5.700000E+01 1.100000E+01 8.800000E+01 8.900000E+01 1.250000E-01 4.166667E-02 4.166667E-02 8.333333E-02 8.680556E-04 1.736111E-03 8.680556E-04 1.736111E-03 1.000000E+00 0.000000E+00 0.000000E+00 1.000000E+00 -0.000000E+00 
3.300000E+01 1.100000E+01 8.900000E+01 9.300000E+01 1.767767E-01 2.946278E-02 2.946278E-02 5.892557E-02 1.302083E-03 1.302083E-03 1.302083E-03 1.302083E-03 7.071068E-01 7.071068E-01 -7.071068E-01 7.071068E-01 -0.000000E+00 
5.800000E+01 1.800000E+01 9.000000E+01 9.100000E+01 1.250000E-01 4.166667E-02 4.166667E-02 8.333333E-02 8.680556E-04 1.736111E-03 8.680556E-04 1.736111E-03 1.000000E+00 0.000000E+00 0.000000E+00 1.000000E+00 -0.000000E+00 
3.300000E+01 2.400000E+01 9.200000E+01 1.150000E+02 1.767767E-01 2.946278E-02 2.946278E-02 5.892557E-02 1.302083E-03 1.302083E-03 1.302083E-03 1.302083E-03 7.071068E-01 -7.071068E-01 7.071068E-01 7.071068E-01 -0.000000E+00 
5.900000E+01 3.300000E+01 9.200000E+01 9.300000E+01 1.250000E-01 4.166667E-02 4.166667E-02 8.333333E-02 8.680556E-04 1.736111E-03 8.680556E-04 1.736111E-03 -1.000000E+00 0.000000E+00 0.000000E+00 -1.000000E+00 -0.000000E+00 
3.400000E+01 9.000000E+00 9.400000E+01 1.180000E+02 1.767767E-01 2.946278E-02 2.946278E-02 5.892557E-02 1.302083E-03 1.302083E-03 1.302083E-03 1.302083E-03 7.071068E-01 -7.071068E-01 7.071068E-01 7.071068E-01 -0.000000E+00 
9.000000E+00 6.000000E+01 9.400000E+01 -1.000000E+00 1.250000E-01 4.658475E-02 0.000000E+00 4.658475E-02 1.302083E-03 1.302083E-03 0.000000E+00 0.000000E+00 0.000000E+00 1.000000E+00 -8.944272E-01 4.472136E-01 -1.000000E+00 
6.100000E+01 3.500000E+01 9.500000E+01 9.600000E+01 1.250000E-01 4.166667E-02 4.166667E-02 8.333333E-02 8.680556E-04 1.736111E-03 8.680556E-04 1.736111E-03 0.000000E+00 -1.000000E+00 1.000000E+00 0.000000E+00 -0.000000E+00 
1.900000E+01 3.500000E+01 9.600000E+01 1.020000E+02 1.767767E-01 2.946278E-02 2.946278E-02 5.892557E-02 1.302083E-03 1.302083E-03 1.302083E-03 1.302083E-03 7.071068E-01 -7.071068E-01 7.071068E-01 7.071068E-01 -0.000000E+00 
2.100000E+01 3.600000E+01 9.700000E+01 1.070000E+02 1.767767E-01 2.946278E-02 2.946278E-02 5.892557E-02 1.302083E-03 1.302083E-03 1.302083E-03 1.302083E-03 7.071068E-01 -7.071068E-01 7.071068E-01 7.071068E-01 -0.000000E+00 
6.200000E+01 2.100000E+01 9.700000E+01 9.800000E+01 1.250000E-01 4.166667E-02 4.166667E-02 8.333333E-02 8.680556E-04 1.736111E-03 8.680556E-04 1.736111E-03 -1.000000E+00 0.000000E+00 0.000000E+00 -1.000000E+00 -0.000000E+00 
8.000000E+00 6.300000E+01 9.900000E+01 -1.000000E+00 1.250000E-01 4.658475E-02 0.000000E+00 4.658475E-02 1.302083E-03 1.302083E-03 0.000000E+00 0.000000E+00 0.000000E+00 -1.000000E+00 8.944272E-01 -4.472136E-01 -1.000000E+00 
2.000000E+01 3.800000E+01 1.000000E+02 1.220000E+02 1.767767E-01 2.946278E-02 2.946278E-02 5.892557E-02 1.302083E-03 1.302083E-03 1.302083E-03 1.302083E-03 7.071068E-01 7.071068E-01 -7.071068E-01 7.071068E-01 -0.000000E+00 
6.400000E+01 2.000000E+01 1.000000E+02 1.010000E+02 1.250000E-01 4.166667E-02 4.166667E-02 8.333333E-02 8.680556E-04 1.736111E-03 8.680556E-04 1.736111E-03 0.000000E+00 -1.000000E+00 1.000000E+00 0.000000E+00 -0.000000E+00 
6.500000E+01 3.500000E+01 1.020000E+02 1.030000E+02 1.250000E-01 4.166667E-02 4.166667E-02 8.333333E-02 8.680556E-04 1.736111E-03 8.680556E-04 1.736111E-03 1.000000E+00 0.000000E+00 0.000000E+00 1.000000E+00 -0.000000E+00 
6.600000E+01 3.700000E+01 1.040000E+02 1.050000E+02 1.250000E-01 4.166667E-02 4.166667E-02 8.333333E-02 8.680556E-04 1.736111E-03 8.680556E-04 1.736111E-03 0.000000E+00 -1.000000E+00 1.000000E+00 0.000000E+00 -0.000000E+00 
1.200000E+01 3.700000E+01 1.050000E+02 1.100000E+02 1.767767E-01 2.946278E-02 2.946278E-02 5.892557E-02 1.302083E-03 1.302083E-03 1.302083E-03 1.302083E-03 7.071068E-01 -7.071068E-01 7.071068E-01 7.071068E-01 -0.000000E+00 
4.000000E+00 6.700000E+01 1.060000E+02 -1.000000E+00 1.250000E-01 4.658475E-02 0.000000E+00 4.658475E-02 1.302083E-03 1.302083E-03 0.000000E+00 0.000000E+00 1.000000E+00 0.000000E+00 4.472136E-01 8.944272E-01 -1.000000E+00 
2.100000E+01 6.800000E+01 1.070000E+02 -1.000000E+00 1.250000E-01 4.658475E-02 0.000000E+00 4.658475E-02 1.302083E-03 1.302083E-03 0.000000E+00 0.000000E+00 0.000000E+00 -1.000000E+00 8.944272E-01 -4.472136E-01 -1.000000E+00 
7.000000E+00 4.100000E+01 1.080000E+02 1.240000E+02 1.767767E-01 2.946278E-02 2.946278E-02 5.892557E-02 1.302083E-03 1.302083E-03 1.302083E-03 1.302083E-03 7.071068E-01 7.071068E-01 -7.071068E-01 7.071068E-01 -0.000000E+00 
6.900000E+01 7.000000E+00 1.080000E+02 1.090000E+02 1.250000E-01 4.166667E-02 4.166667E-02 8.333333E-02 8.680556E-04 1.736111E-03 8.680556E-04 1.736111E-03 0.000000E+00 -1.000000E+00 1.000000E+00 0.000000E+00 -0.000000E+00 
7.000000E+01 3.700000E+01 1.100000E+02 1.110000E+02 1.250000E-01 4.166667E-02 4.166667E-02 8.333333E-02 8.680556E-04 1.736111E-03 8.680556E-04 1.736111E-03 1.000000E+00 0.000000E+00 0.000000E+00 1.000000E+00 -0.000000E+00 
2.200000E+01 3.700000E+01 1.110000E+02 1.120000E+02 1.767767E-01 2.946278E-02 2.946278E-02 5.892557E-02 1.302083E-03 1.302083E-03 1.302083E-03 1.302083E-03 7.071068E-01 7.071068E-01 -7.071068E-01 7.071068E-01 -0.000000E+00 
2.200000E+01 7.100000E+01 1.120000E+02 -1.000000E+00 1.250000E-01 4.658475E-02 0.000000E+00 4.658475E-02 1.302083E-03 1.302083E-03 0.000000E+00 0.000000E+00 1.000000E+00 0.000000E+00 4.472136E-01 8.944272E-01 -1.000000E+00 
7.200000E+01 1.300000E+01 1.130000E+02 1.140000E+02 1.250000E-01 4.166667E-02 4.166667E-02 8.333333E-02 8.680556E-04 1.736111E-03 8.680556E-04 1.736111E-03 0.000000E+00 -1.000000E+00 1.000000E+00 0.000000E+00 -0.000000E+00 
3.800000E+01 1.300000E+01 1.140000E+02 1.230000E+02 1.767767E-01 2.946278E-02 2.946278E-02 5.892557E-02 1.302083E-03 1.302083E-03 1.302083E-03 1.302083E-03 7.071068E-01 -7.071068E-01 7.071068E-01 7.071068E-01 -0.000000E+00 
7.300000E+01 2.400000E+01 1.150000E+02 1.160000E+02 1.250000E-01 4.166667E-02 4.166667E-02 8.333333E-02 8.680556E-04 1.736111E-03 8.680556E-04 1.736111E-03 1.000000E+00 0.000000E+00 0.000000E+00 1.000000E+00 -0.000000E+00 
2.300000E+01 7.400000E+01 1.170000E+02 -1.000000E+00 1.250000E-01 4.658475E-02 0.000000E+00 4.658475E-02 1.302083E-03 1.302083E-03 0.000000E+00 0.000000E+00 0.000000E+00 1.000000E+00 -8.944272E-01 4.472136E-01 -1.000000E+00 
7.500000E+01 9.000000E+00 1.180000E+02 1.190000E+02 1.250000E-01 4.166667E-02 4.166667E-02 8.333333E-02 8.680556E-04 1.736111E-03 8.680556E-04 1.736111E-03 1.000000E+00 0.000000E+00 0.000000E+00 1.000000E+00 -0.000000E+00 
7.600000E+01 4.000000E+01 1.200000E+02 1.210000E+02 1.250000E-01 4.166667E-02 4.166667E-02 8.333333E-02 8.680556E-04 1.736111E-03 8.680556E-04 1.736111E-03 0.000000E+00 -1.000000E+00 1.000000E+00 0.000000E+00 -0.000000E+00 
1.300000E+01 4.000000E+01 1.210000E+02 1.250000E+02 1.767767E-01 2.946278E-02 2.946278E-02 5.892557E-02 1.302083E-03 1.302083E-03 1.302083E-03 1.302083E-03 7.071068E-01 -7.071068E-01 7.071068E-01 7.071068E-01 -0.000000E+00 
7.700000E+01 3.800000E+01 1.220000E+02 1.230000E+02 1.250000E-01 4.166667E-02 4.166667E-02 8.333333E-02 8.680556E-04 1.736111E-03 8.680556E-04 1.736111E-03 0.000000E+00 1.000000E+00 -1.000000E+00 0.000000E+00 -0.000000E+00 
7.000000E+00 7.800000E+01 1.240000E+02 -1.000000E+00 1.250000E-01 4.658475E-02 0.000000E+00 4.658475E-02 1.302083E-03 1.302083E-03 0.000000E+00 0.000000E+00 1.000000E+00 0.000000E+00 4.472136E-01 8.944272E-01 -1.000000E+00 
7.900000E+01 4.000000E+01 1.250000E+02 1.260000E+02 1.250000E-01 4.166667E-02 4.166667E-02 8.333333E-02 8.680556E-04 1.736111E-03 8.680556E-04 1.736111E-03 1.000000E+00 0.000000E+00 0.000000E+00 1.000000E+00 -0.000000E+00 
2.500000E+01 4.000000E+01 1.260000E+02 1.280000E+02 1.767767E-01 2.946278E-02 2.946278E-02 5.892557E-02 1.302083E-03 1.302083E-03 1.302083E-03 1.302083E-03 7.071068E-01 7.071068E-01 -7.071068E-01 7.071068E-01 -0.000000E+00 
3.000000E+00 8.000000E+01 1.270000E+02 -1.000000E+00 1.250000E-01 4.658475E-02 0.000000E+00 4.658475E-02 1.302083E-03 1.302083E-03 0.000000E+00 0.000000E+00 0.000000E+00 1.000000E+00 -8.944272E-01 4.472136E-01 -1.000000E+00 
2.500000E+01 8.100000E+01 1.280000E+02 -1.000000E+00 1.250000E-01 4.658475E-02 0.000000E+00 4.658475E-02 1.302083E-03 1.302083E-03 0.000000E+00 0.000000E+00 1.000000E+00 0.000000E+00 4.472136E-01 8.944272E-01 -1.000000E+00 
