 Le tableau ci dessous contient les informations sur les centres:
 Le nombre de centres: nbt
 les composantes des centres
 nbt  
 3.333333E-01  8.333333E-02
 5.833333E-01  1.666667E-01
 3.333333E-01  4.166667E-01
 8.333333E-02  1.666667E-01
 8.333333E-02  6.666667E-01
 1.666667E-01  4.166667E-01
 1.666667E-01  9.166667E-01
 1.666667E-01  5.833333E-01
 4.166667E-01  1.666667E-01
 1.666667E-01  8.333333E-02
 6.666667E-01  4.166667E-01
 4.166667E-01  3.333333E-01
 8.333333E-01  8.333333E-02
 9.166667E-01  3.333333E-01
 6.666667E-01  9.166667E-01
 5.833333E-01  6.666667E-01
 9.166667E-01  8.333333E-01
 8.333333E-02  8.333333E-01
 6.666667E-01  5.833333E-01
 8.333333E-02  3.333333E-01
 3.333333E-01  9.166667E-01
 4.166667E-01  6.666667E-01
 5.833333E-01  3.333333E-01
 3.333333E-01  5.833333E-01
 8.333333E-01  5.833333E-01
 8.333333E-01  4.166667E-01
 6.666667E-01  8.333333E-02
 9.166667E-01  1.666667E-01
 8.333333E-01  9.166667E-01
 4.166667E-01  8.333333E-01
 5.833333E-01  8.333333E-01
 9.166667E-01  6.666667E-01
