 Le tableau ci dessous contient les informations sur les centres:
 Le nombre de centres: nbt
 les composantes des centres
 nbt  
 5.208333E-02  3.125000E-02
 1.041667E-02  3.125000E-02
 3.125000E-02  5.208333E-02
 1.562500E-01  4.895833E-01
 1.770833E-01  4.687500E-01
 7.291667E-02  3.125000E-02
 1.145833E-01  3.125000E-02
 1.041667E-02  1.562500E-01
 5.208333E-02  9.375000E-02
 7.291667E-02  9.375000E-02
 7.291667E-02  1.562500E-01
 3.125000E-02  1.770833E-01
 3.125000E-02  7.291667E-02
 3.125000E-02  1.979167E-01
 9.375000E-02  5.208333E-02
 3.125000E-02  1.041667E-02
 1.770833E-01  3.125000E-02
 1.562500E-01  1.041667E-02
 2.395833E-01  3.125000E-02
 2.187500E-01  1.041667E-02
 2.395833E-01  4.062500E-01
 1.562500E-01  7.291667E-02
 9.375000E-02  1.770833E-01
 1.354167E-01  1.562500E-01
 2.395833E-01  9.375000E-02
 1.354167E-01  9.375000E-02
 2.604167E-01  9.375000E-02
 1.562500E-01  1.770833E-01
 2.187500E-01  7.291667E-02
 2.187500E-01  1.354167E-01
 2.604167E-01  3.125000E-02
 9.375000E-02  1.145833E-01
 2.187500E-01  3.854167E-01
 9.375000E-02  1.979167E-01
 5.208333E-02  1.562500E-01
 1.041667E-02  2.812500E-01
 3.125000E-02  3.020833E-01
 7.291667E-02  2.187500E-01
 1.041667E-02  2.187500E-01
 7.291667E-02  2.812500E-01
 1.041667E-02  9.375000E-02
 1.041667E-02  4.062500E-01
 5.208333E-02  3.437500E-01
 7.291667E-02  3.437500E-01
 7.291667E-02  4.062500E-01
 3.125000E-02  4.270833E-01
 3.125000E-02  3.229167E-01
 3.125000E-02  4.479167E-01
 9.375000E-02  3.020833E-01
 3.125000E-02  1.354167E-01
 1.354167E-01  2.812500E-01
 1.770833E-01  2.187500E-01
 1.979167E-01  2.812500E-01
 1.979167E-01  2.187500E-01
 1.979167E-01  1.562500E-01
 1.562500E-01  3.020833E-01
 9.375000E-02  4.270833E-01
 1.354167E-01  4.062500E-01
 1.770833E-01  3.437500E-01
 1.979167E-01  3.437500E-01
 1.979167E-01  4.062500E-01
 1.562500E-01  4.270833E-01
 1.562500E-01  3.229167E-01
 1.562500E-01  4.479167E-01
 2.187500E-01  2.395833E-01
 9.375000E-02  3.645833E-01
 1.562500E-01  1.979167E-01
 9.375000E-02  4.479167E-01
 2.604167E-01  1.562500E-01
 9.375000E-02  1.041667E-02
 2.812500E-01  1.145833E-01
 3.229167E-01  3.125000E-02
 3.437500E-01  5.208333E-02
 3.854167E-01  3.125000E-02
 2.395833E-01  3.437500E-01
 3.437500E-01  7.291667E-02
 2.604167E-01  2.187500E-01
 2.812500E-01  1.770833E-01
 3.229167E-01  2.187500E-01
 3.229167E-01  1.562500E-01
 3.437500E-01  1.770833E-01
 2.812500E-01  2.395833E-01
 3.229167E-01  9.375000E-02
 2.812500E-01  2.604167E-01
 3.854167E-01  9.375000E-02
 2.812500E-01  5.208333E-02
 4.062500E-01  1.145833E-01
 4.479167E-01  3.125000E-02
 4.687500E-01  5.208333E-02
 5.104167E-01  3.125000E-02
 1.354167E-01  3.437500E-01
 4.687500E-01  7.291667E-02
 4.270833E-01  1.562500E-01
 4.062500E-01  1.354167E-01
 4.895833E-01  1.562500E-01
 4.687500E-01  1.354167E-01
 5.104167E-01  1.562500E-01
 4.062500E-01  1.979167E-01
 4.479167E-01  9.375000E-02
 3.437500E-01  2.395833E-01
 5.104167E-01  9.375000E-02
 4.062500E-01  5.208333E-02
 1.562500E-01  3.645833E-01
 4.687500E-01  1.979167E-01
 2.812500E-01  3.229167E-01
 2.604167E-01  2.812500E-01
 3.645833E-01  2.812500E-01
 3.854167E-01  2.812500E-01
 3.437500E-01  2.604167E-01
 3.437500E-01  3.229167E-01
 2.187500E-01  4.270833E-01
 2.604167E-01  4.062500E-01
 3.229167E-01  4.062500E-01
 3.229167E-01  3.437500E-01
 3.437500E-01  4.270833E-01
 2.812500E-01  4.270833E-01
 2.604167E-01  3.437500E-01
 2.812500E-01  4.479167E-01
 3.854167E-01  3.437500E-01
 2.187500E-01  3.645833E-01
 4.062500E-01  3.645833E-01
 4.479167E-01  2.812500E-01
 4.687500E-01  3.020833E-01
 5.104167E-01  2.812500E-01
 4.479167E-01  2.187500E-01
 4.687500E-01  3.229167E-01
 4.270833E-01  4.062500E-01
 4.062500E-01  3.854167E-01
 4.895833E-01  4.062500E-01
 4.687500E-01  3.854167E-01
 5.104167E-01  4.062500E-01
 4.479167E-01  4.687500E-01
 4.479167E-01  3.437500E-01
 4.062500E-01  4.479167E-01
 5.104167E-01  3.437500E-01
 4.062500E-01  3.020833E-01
 3.854167E-01  2.187500E-01
 3.437500E-01  4.479167E-01
 5.104167E-01  2.187500E-01
 2.187500E-01  3.020833E-01
 2.187500E-01  3.229167E-01
 2.187500E-01  4.479167E-01
 1.145833E-01  9.375000E-02
 1.041667E-02  5.312500E-01
 3.125000E-02  5.520833E-01
 7.291667E-02  5.312500E-01
 1.041667E-02  4.687500E-01
 3.125000E-02  5.729167E-01
 1.145833E-01  1.562500E-01
 1.041667E-02  6.562500E-01
 1.041667E-02  7.187500E-01
 3.125000E-02  6.770833E-01
 7.291667E-02  6.562500E-01
 3.125000E-02  7.395833E-01
 1.041667E-02  5.937500E-01
 9.375000E-02  1.354167E-01
 7.291667E-02  5.937500E-01
 9.375000E-02  7.291667E-02
 9.375000E-02  6.145833E-01
 1.354167E-01  5.312500E-01
 1.562500E-01  5.520833E-01
 1.979167E-01  5.312500E-01
 1.354167E-01  4.687500E-01
 1.562500E-01  5.729167E-01
 7.291667E-02  7.187500E-01
 9.375000E-02  6.770833E-01
 1.770833E-01  6.562500E-01
 1.562500E-01  6.354167E-01
 1.979167E-01  6.562500E-01
 9.375000E-02  7.395833E-01
 1.354167E-01  5.937500E-01
 1.562500E-01  6.979167E-01
 1.979167E-01  5.937500E-01
 9.375000E-02  5.520833E-01
 7.291667E-02  4.687500E-01
 3.125000E-02  7.604167E-01
 5.208333E-02  2.187500E-01
 1.041667E-02  8.437500E-01
 7.291667E-02  8.437500E-01
 1.041667E-02  7.812500E-01
 7.291667E-02  7.812500E-01
 3.125000E-02  8.645833E-01
 1.562500E-01  5.208333E-02
 1.041667E-02  9.687500E-01
 5.208333E-02  9.062500E-01
 7.291667E-02  9.062500E-01
 7.291667E-02  9.687500E-01
 3.125000E-02  9.895833E-01
 3.125000E-02  8.854167E-01
 1.979167E-01  3.125000E-02
 9.375000E-02  8.020833E-01
 1.354167E-01  3.125000E-02
 9.375000E-02  8.645833E-01
 1.354167E-01  8.437500E-01
 1.770833E-01  7.812500E-01
 1.979167E-01  7.812500E-01
 1.562500E-01  7.604167E-01
 1.562500E-01  8.645833E-01
 9.375000E-02  9.895833E-01
 1.354167E-01  9.687500E-01
 1.770833E-01  9.062500E-01
 1.979167E-01  9.062500E-01
 1.979167E-01  9.687500E-01
 1.562500E-01  9.895833E-01
 1.562500E-01  8.854167E-01
 1.562500E-01  1.145833E-01
 1.979167E-01  8.437500E-01
 9.375000E-02  9.270833E-01
 1.354167E-01  7.187500E-01
 2.187500E-01  5.208333E-02
 1.979167E-01  7.187500E-01
 3.125000E-02  2.395833E-01
 2.187500E-01  5.520833E-01
 2.604167E-01  5.312500E-01
 2.812500E-01  5.520833E-01
 3.229167E-01  5.312500E-01
 2.604167E-01  4.687500E-01
 2.812500E-01  5.729167E-01
 2.187500E-01  6.770833E-01
 2.604167E-01  6.562500E-01
 2.604167E-01  7.187500E-01
 2.812500E-01  6.770833E-01
 3.229167E-01  6.562500E-01
 2.812500E-01  7.395833E-01
 2.604167E-01  5.937500E-01
 2.187500E-01  7.395833E-01
 3.229167E-01  5.937500E-01
 2.187500E-01  6.145833E-01
 3.437500E-01  6.145833E-01
 3.854167E-01  5.312500E-01
 4.062500E-01  5.520833E-01
 4.479167E-01  5.312500E-01
 3.854167E-01  4.687500E-01
 4.062500E-01  5.729167E-01
 3.229167E-01  7.187500E-01
 3.437500E-01  6.770833E-01
 4.270833E-01  6.562500E-01
 4.062500E-01  6.354167E-01
 4.479167E-01  6.562500E-01
 3.437500E-01  7.395833E-01
 3.854167E-01  5.937500E-01
 4.062500E-01  6.979167E-01
 4.479167E-01  5.937500E-01
 3.437500E-01  5.520833E-01
 3.229167E-01  4.687500E-01
 2.812500E-01  7.604167E-01
 2.187500E-01  8.645833E-01
 2.604167E-01  8.437500E-01
 3.229167E-01  8.437500E-01
 2.604167E-01  7.812500E-01
 3.229167E-01  7.812500E-01
 2.812500E-01  8.645833E-01
 2.187500E-01  9.895833E-01
 2.604167E-01  9.687500E-01
 3.020833E-01  9.062500E-01
 3.229167E-01  9.062500E-01
 3.229167E-01  9.687500E-01
 2.812500E-01  9.895833E-01
 2.812500E-01  8.854167E-01
 1.770833E-01  1.562500E-01
 3.437500E-01  8.020833E-01
 2.187500E-01  9.270833E-01
 3.437500E-01  8.645833E-01
 3.854167E-01  8.437500E-01
 4.270833E-01  7.812500E-01
 4.479167E-01  7.812500E-01
 4.062500E-01  7.604167E-01
 4.062500E-01  8.645833E-01
 3.437500E-01  9.895833E-01
 3.854167E-01  9.687500E-01
 4.270833E-01  9.062500E-01
 4.479167E-01  9.062500E-01
 4.479167E-01  9.687500E-01
 4.062500E-01  9.895833E-01
 4.062500E-01  8.854167E-01
 1.979167E-01  9.375000E-02
 4.479167E-01  8.437500E-01
 3.437500E-01  9.270833E-01
 3.854167E-01  7.187500E-01
 1.562500E-01  1.354167E-01
 4.479167E-01  7.187500E-01
 2.187500E-01  8.020833E-01
 1.979167E-01  4.687500E-01
 1.770833E-01  9.375000E-02
 4.687500E-01  4.895833E-01
 3.125000E-02  1.145833E-01
 5.312500E-01  1.145833E-01
 5.729167E-01  3.125000E-02
 5.937500E-01  5.208333E-02
 6.354167E-01  3.125000E-02
 1.770833E-01  4.062500E-01
 5.937500E-01  7.291667E-02
 5.312500E-01  2.395833E-01
 5.729167E-01  1.562500E-01
 5.729167E-01  2.187500E-01
 5.937500E-01  1.770833E-01
 6.354167E-01  1.562500E-01
 5.937500E-01  2.395833E-01
 5.729167E-01  9.375000E-02
 5.312500E-01  3.020833E-01
 6.354167E-01  9.375000E-02
 5.312500E-01  1.770833E-01
 6.562500E-01  1.145833E-01
 6.979167E-01  3.125000E-02
 7.187500E-01  5.208333E-02
 7.604167E-01  3.125000E-02
 2.395833E-01  2.187500E-01
 7.187500E-01  7.291667E-02
 6.354167E-01  2.187500E-01
 6.562500E-01  1.770833E-01
 7.395833E-01  1.562500E-01
 7.187500E-01  1.354167E-01
 7.604167E-01  1.562500E-01
 6.562500E-01  2.395833E-01
 6.979167E-01  9.375000E-02
 7.187500E-01  1.979167E-01
 7.604167E-01  9.375000E-02
 6.562500E-01  5.208333E-02
 2.187500E-01  1.979167E-01
 5.937500E-01  2.604167E-01
 5.312500E-01  4.270833E-01
 5.729167E-01  3.437500E-01
 5.937500E-01  3.645833E-01
 6.354167E-01  3.437500E-01
 5.729167E-01  2.812500E-01
 5.937500E-01  3.854167E-01
 5.520833E-01  4.687500E-01
 5.312500E-01  4.479167E-01
 6.145833E-01  4.687500E-01
 5.937500E-01  4.479167E-01
 6.354167E-01  4.687500E-01
 5.937500E-01  5.104167E-01
 5.729167E-01  4.062500E-01
 5.312500E-01  5.104167E-01
 6.354167E-01  4.062500E-01
 5.312500E-01  3.645833E-01
 6.770833E-01  2.812500E-01
 6.979167E-01  2.812500E-01
 7.187500E-01  3.020833E-01
 7.604167E-01  2.812500E-01
 6.979167E-01  2.187500E-01
 7.187500E-01  3.229167E-01
 6.562500E-01  4.270833E-01
 6.979167E-01  4.062500E-01
 6.979167E-01  4.687500E-01
 7.187500E-01  4.270833E-01
 7.604167E-01  4.062500E-01
 7.187500E-01  4.895833E-01
 6.979167E-01  3.437500E-01
 6.562500E-01  4.895833E-01
 7.604167E-01  3.437500E-01
 6.562500E-01  3.645833E-01
 6.562500E-01  2.604167E-01
 6.562500E-01  5.104167E-01
 7.604167E-01  2.187500E-01
 5.312500E-01  5.208333E-02
 7.812500E-01  1.145833E-01
 8.229167E-01  3.125000E-02
 8.437500E-01  5.208333E-02
 8.854167E-01  3.125000E-02
 2.395833E-01  2.812500E-01
 8.437500E-01  7.291667E-02
 7.812500E-01  2.395833E-01
 8.229167E-01  1.562500E-01
 8.229167E-01  2.187500E-01
 8.437500E-01  1.770833E-01
 8.854167E-01  1.562500E-01
 8.437500E-01  2.395833E-01
 8.229167E-01  9.375000E-02
 7.812500E-01  3.020833E-01
 8.854167E-01  9.375000E-02
 7.812500E-01  1.770833E-01
 9.062500E-01  1.145833E-01
 9.479167E-01  3.125000E-02
 9.687500E-01  5.208333E-02
 1.562500E-01  2.604167E-01
 1.354167E-01  2.187500E-01
 9.687500E-01  7.291667E-02
 8.854167E-01  2.187500E-01
 9.062500E-01  1.770833E-01
 9.895833E-01  1.562500E-01
 9.687500E-01  1.354167E-01
 5.208333E-02  4.687500E-01
 9.062500E-01  2.395833E-01
 9.479167E-01  9.375000E-02
 9.687500E-01  1.979167E-01
 1.770833E-01  2.812500E-01
 9.062500E-01  5.208333E-02
 1.562500E-01  2.395833E-01
 8.437500E-01  2.604167E-01
 7.812500E-01  4.270833E-01
 8.229167E-01  3.437500E-01
 8.437500E-01  3.645833E-01
 8.854167E-01  3.437500E-01
 8.229167E-01  2.812500E-01
 8.437500E-01  3.854167E-01
 8.020833E-01  4.687500E-01
 7.812500E-01  4.479167E-01
 8.645833E-01  4.687500E-01
 8.437500E-01  4.479167E-01
 8.854167E-01  4.687500E-01
 8.437500E-01  5.104167E-01
 8.229167E-01  4.062500E-01
 7.812500E-01  5.104167E-01
 8.854167E-01  4.062500E-01
 7.812500E-01  3.645833E-01
 9.270833E-01  2.812500E-01
 9.479167E-01  2.812500E-01
 9.687500E-01  3.020833E-01
 9.375000E-02  3.854167E-01
 9.479167E-01  2.187500E-01
 9.687500E-01  3.229167E-01
 9.062500E-01  4.270833E-01
 9.479167E-01  4.062500E-01
 9.479167E-01  4.687500E-01
 9.687500E-01  4.270833E-01
 9.375000E-02  3.229167E-01
 9.687500E-01  4.895833E-01
 9.479167E-01  3.437500E-01
 9.062500E-01  4.895833E-01
 1.145833E-01  4.062500E-01
 9.062500E-01  3.645833E-01
 9.062500E-01  2.604167E-01
 9.062500E-01  5.104167E-01
 3.125000E-02  4.895833E-01
 7.812500E-01  5.208333E-02
 2.187500E-01  2.604167E-01
 7.187500E-01  5.104167E-01
 4.687500E-01  6.145833E-01
 5.104167E-01  5.937500E-01
 5.312500E-01  6.145833E-01
 5.729167E-01  5.312500E-01
 5.104167E-01  5.312500E-01
 5.729167E-01  5.937500E-01
 4.687500E-01  7.395833E-01
 5.104167E-01  7.187500E-01
 5.520833E-01  6.562500E-01
 5.729167E-01  6.562500E-01
 5.729167E-01  7.187500E-01
 5.312500E-01  7.395833E-01
 5.312500E-01  6.354167E-01
 5.312500E-01  7.604167E-01
 5.937500E-01  6.145833E-01
 4.687500E-01  6.770833E-01
 6.770833E-01  5.937500E-01
 6.562500E-01  5.729167E-01
 7.395833E-01  5.937500E-01
 7.187500E-01  5.729167E-01
 6.979167E-01  5.312500E-01
 6.562500E-01  6.354167E-01
 5.937500E-01  7.395833E-01
 6.354167E-01  7.187500E-01
 7.395833E-01  6.562500E-01
 6.354167E-01  6.562500E-01
 7.604167E-01  6.562500E-01
 6.562500E-01  7.395833E-01
 7.187500E-01  6.354167E-01
 7.187500E-01  6.979167E-01
 7.604167E-01  5.937500E-01
 5.937500E-01  6.770833E-01
 6.354167E-01  5.312500E-01
 5.937500E-01  7.604167E-01
 4.687500E-01  8.645833E-01
 5.104167E-01  8.437500E-01
 5.312500E-01  8.645833E-01
 5.729167E-01  7.812500E-01
 5.104167E-01  7.812500E-01
 5.729167E-01  8.437500E-01
 4.687500E-01  9.895833E-01
 5.104167E-01  9.687500E-01
 5.520833E-01  9.062500E-01
 5.729167E-01  9.062500E-01
 5.729167E-01  9.687500E-01
 5.312500E-01  9.895833E-01
 5.312500E-01  8.854167E-01
 3.020833E-01  9.375000E-02
 5.937500E-01  8.645833E-01
 4.687500E-01  9.270833E-01
 6.354167E-01  8.437500E-01
 6.770833E-01  7.812500E-01
 6.979167E-01  8.437500E-01
 6.979167E-01  7.812500E-01
 6.979167E-01  7.187500E-01
 6.562500E-01  8.645833E-01
 5.937500E-01  9.895833E-01
 6.354167E-01  9.687500E-01
 6.770833E-01  9.062500E-01
 6.979167E-01  9.062500E-01
 6.979167E-01  9.687500E-01
 6.562500E-01  9.895833E-01
 6.562500E-01  8.854167E-01
 2.187500E-01  1.770833E-01
 7.187500E-01  8.020833E-01
 5.937500E-01  9.270833E-01
 6.562500E-01  7.604167E-01
 2.812500E-01  7.291667E-02
 7.604167E-01  7.187500E-01
 4.687500E-01  8.020833E-01
 7.812500E-01  6.770833E-01
 8.229167E-01  5.937500E-01
 8.437500E-01  6.145833E-01
 8.854167E-01  5.937500E-01
 8.229167E-01  5.312500E-01
 8.437500E-01  6.354167E-01
 7.604167E-01  7.812500E-01
 7.812500E-01  7.395833E-01
 8.645833E-01  7.187500E-01
 8.437500E-01  6.979167E-01
 8.854167E-01  7.187500E-01
 7.812500E-01  8.020833E-01
 8.229167E-01  6.562500E-01
 8.437500E-01  7.604167E-01
 8.854167E-01  6.562500E-01
 7.812500E-01  6.145833E-01
 9.062500E-01  6.145833E-01
 9.479167E-01  5.937500E-01
 9.895833E-01  5.312500E-01
 3.125000E-02  3.645833E-01
 8.854167E-01  5.312500E-01
 9.687500E-01  6.145833E-01
 9.062500E-01  7.395833E-01
 9.479167E-01  7.187500E-01
 9.895833E-01  6.562500E-01
 3.125000E-02  3.854167E-01
 5.208333E-02  4.062500E-01
 9.687500E-01  7.395833E-01
 9.687500E-01  6.354167E-01
 9.062500E-01  7.604167E-01
 1.041667E-02  3.437500E-01
 9.062500E-01  6.770833E-01
 7.604167E-01  5.312500E-01
 9.687500E-01  7.604167E-01
 8.020833E-01  8.437500E-01
 7.812500E-01  8.229167E-01
 8.645833E-01  8.437500E-01
 8.437500E-01  8.229167E-01
 8.229167E-01  7.812500E-01
 7.812500E-01  8.854167E-01
 7.187500E-01  9.895833E-01
 7.604167E-01  9.687500E-01
 8.229167E-01  9.687500E-01
 7.604167E-01  9.062500E-01
 8.645833E-01  9.062500E-01
 7.812500E-01  9.895833E-01
 8.437500E-01  8.854167E-01
 3.020833E-01  3.125000E-02
 8.854167E-01  8.437500E-01
 7.187500E-01  9.270833E-01
 8.854167E-01  9.062500E-01
 9.062500E-01  8.645833E-01
 9.895833E-01  8.437500E-01
 9.687500E-01  8.229167E-01
 1.145833E-01  2.812500E-01
 9.062500E-01  9.270833E-01
 9.479167E-01  7.812500E-01
 9.687500E-01  8.854167E-01
 9.270833E-01  9.687500E-01
 9.062500E-01  9.479167E-01
 9.895833E-01  9.687500E-01
 9.687500E-01  9.479167E-01
 5.208333E-02  2.812500E-01
 1.145833E-01  2.187500E-01
 9.479167E-01  9.062500E-01
 9.375000E-02  2.395833E-01
 3.125000E-02  2.604167E-01
 8.437500E-01  9.895833E-01
 8.854167E-01  7.812500E-01
 2.812500E-01  1.041667E-02
 9.375000E-02  2.604167E-01
 7.187500E-01  8.645833E-01
 9.687500E-01  5.104167E-01
 2.395833E-01  1.562500E-01
 1.145833E-01  3.437500E-01
 4.687500E-01  5.520833E-01
 1.562500E-01  3.854167E-01
 2.187500E-01  1.145833E-01
 9.375000E-02  4.895833E-01
 1.145833E-01  4.687500E-01
 3.020833E-01  1.562500E-01
 2.812500E-01  1.354167E-01
 3.645833E-01  3.125000E-02
 3.437500E-01  1.041667E-02
 4.270833E-01  3.125000E-02
 4.062500E-01  1.041667E-02
 3.437500E-01  1.145833E-01
 3.645833E-01  9.375000E-02
 3.020833E-01  2.187500E-01
 2.812500E-01  1.979167E-01
 3.645833E-01  2.187500E-01
 3.437500E-01  1.979167E-01
 3.645833E-01  1.562500E-01
 3.437500E-01  1.354167E-01
 2.812500E-01  3.020833E-01
 3.020833E-01  2.812500E-01
 4.270833E-01  9.375000E-02
 4.062500E-01  7.291667E-02
 4.895833E-01  3.125000E-02
 4.687500E-01  1.041667E-02
 5.520833E-01  3.125000E-02
 5.312500E-01  1.041667E-02
 4.687500E-01  1.145833E-01
 4.895833E-01  9.375000E-02
 3.854167E-01  1.562500E-01
 4.062500E-01  1.770833E-01
 4.479167E-01  1.562500E-01
 4.687500E-01  1.770833E-01
 5.520833E-01  1.562500E-01
 5.312500E-01  1.354167E-01
 4.062500E-01  2.395833E-01
 4.270833E-01  2.187500E-01
 5.520833E-01  9.375000E-02
 5.312500E-01  7.291667E-02
 4.687500E-01  2.395833E-01
 4.895833E-01  2.187500E-01
 2.812500E-01  3.645833E-01
 3.020833E-01  3.437500E-01
 3.229167E-01  2.812500E-01
 3.437500E-01  3.020833E-01
 4.270833E-01  2.812500E-01
 4.062500E-01  2.604167E-01
 3.437500E-01  3.645833E-01
 3.645833E-01  3.437500E-01
 3.020833E-01  4.062500E-01
 2.812500E-01  3.854167E-01
 3.645833E-01  4.062500E-01
 3.437500E-01  3.854167E-01
 2.812500E-01  4.895833E-01
 3.020833E-01  4.687500E-01
 4.270833E-01  3.437500E-01
 4.062500E-01  3.229167E-01
 4.895833E-01  2.812500E-01
 4.687500E-01  2.604167E-01
 5.520833E-01  2.812500E-01
 5.312500E-01  2.604167E-01
 4.687500E-01  3.645833E-01
 4.895833E-01  3.437500E-01
 3.854167E-01  4.062500E-01
 4.062500E-01  4.270833E-01
 4.479167E-01  4.062500E-01
 4.687500E-01  4.270833E-01
 5.520833E-01  4.062500E-01
 5.312500E-01  3.854167E-01
 4.895833E-01  4.687500E-01
 4.687500E-01  4.479167E-01
 4.062500E-01  4.895833E-01
 4.270833E-01  4.687500E-01
 5.520833E-01  3.437500E-01
 5.312500E-01  3.229167E-01
 3.437500E-01  4.895833E-01
 3.645833E-01  4.687500E-01
 5.520833E-01  2.187500E-01
 5.312500E-01  1.979167E-01
 2.187500E-01  4.895833E-01
 2.395833E-01  4.687500E-01
 5.208333E-02  5.312500E-01
 3.125000E-02  5.104167E-01
 1.145833E-01  5.312500E-01
 9.375000E-02  5.104167E-01
 3.125000E-02  6.145833E-01
 5.208333E-02  5.937500E-01
 5.208333E-02  6.562500E-01
 3.125000E-02  6.354167E-01
 5.208333E-02  7.187500E-01
 3.125000E-02  6.979167E-01
 1.145833E-01  6.562500E-01
 9.375000E-02  6.354167E-01
 1.145833E-01  5.937500E-01
 9.375000E-02  5.729167E-01
 1.770833E-01  5.312500E-01
 1.562500E-01  5.104167E-01
 2.395833E-01  5.312500E-01
 2.187500E-01  5.104167E-01
 1.562500E-01  6.145833E-01
 1.770833E-01  5.937500E-01
 1.145833E-01  7.187500E-01
 9.375000E-02  6.979167E-01
 1.354167E-01  6.562500E-01
 1.562500E-01  6.770833E-01
 2.395833E-01  6.562500E-01
 2.187500E-01  6.354167E-01
 1.562500E-01  7.395833E-01
 1.770833E-01  7.187500E-01
 2.395833E-01  5.937500E-01
 2.187500E-01  5.729167E-01
 3.125000E-02  8.020833E-01
 5.208333E-02  7.812500E-01
 5.208333E-02  8.437500E-01
 3.125000E-02  8.229167E-01
 1.145833E-01  8.437500E-01
 9.375000E-02  8.229167E-01
 1.145833E-01  7.812500E-01
 9.375000E-02  7.604167E-01
 5.208333E-02  9.687500E-01
 3.125000E-02  9.479167E-01
 1.041667E-02  9.062500E-01
 3.125000E-02  9.270833E-01
 1.145833E-01  9.062500E-01
 9.375000E-02  8.854167E-01
 1.145833E-01  9.687500E-01
 9.375000E-02  9.479167E-01
 1.770833E-01  8.437500E-01
 1.562500E-01  8.229167E-01
 1.354167E-01  7.812500E-01
 1.562500E-01  8.020833E-01
 2.395833E-01  7.812500E-01
 2.187500E-01  7.604167E-01
 1.770833E-01  9.687500E-01
 1.562500E-01  9.479167E-01
 1.354167E-01  9.062500E-01
 1.562500E-01  9.270833E-01
 2.395833E-01  9.062500E-01
 2.187500E-01  8.854167E-01
 2.395833E-01  9.687500E-01
 2.187500E-01  9.479167E-01
 2.395833E-01  8.437500E-01
 2.187500E-01  8.229167E-01
 2.395833E-01  7.187500E-01
 2.187500E-01  6.979167E-01
 3.020833E-01  5.312500E-01
 2.812500E-01  5.104167E-01
 3.645833E-01  5.312500E-01
 3.437500E-01  5.104167E-01
 2.812500E-01  6.145833E-01
 3.020833E-01  5.937500E-01
 3.020833E-01  6.562500E-01
 2.812500E-01  6.354167E-01
 3.020833E-01  7.187500E-01
 2.812500E-01  6.979167E-01
 3.645833E-01  6.562500E-01
 3.437500E-01  6.354167E-01
 3.645833E-01  5.937500E-01
 3.437500E-01  5.729167E-01
 4.270833E-01  5.312500E-01
 4.062500E-01  5.104167E-01
 4.895833E-01  5.312500E-01
 4.687500E-01  5.104167E-01
 4.062500E-01  6.145833E-01
 4.270833E-01  5.937500E-01
 3.645833E-01  7.187500E-01
 3.437500E-01  6.979167E-01
 3.854167E-01  6.562500E-01
 4.062500E-01  6.770833E-01
 4.895833E-01  6.562500E-01
 4.687500E-01  6.354167E-01
 4.062500E-01  7.395833E-01
 4.270833E-01  7.187500E-01
 4.895833E-01  5.937500E-01
 4.687500E-01  5.729167E-01
 2.812500E-01  8.020833E-01
 3.020833E-01  7.812500E-01
 3.020833E-01  8.437500E-01
 2.812500E-01  8.229167E-01
 3.645833E-01  8.437500E-01
 3.437500E-01  8.229167E-01
 3.645833E-01  7.812500E-01
 3.437500E-01  7.604167E-01
 3.020833E-01  9.687500E-01
 2.812500E-01  9.479167E-01
 2.604167E-01  9.062500E-01
 2.812500E-01  9.270833E-01
 3.645833E-01  9.062500E-01
 3.437500E-01  8.854167E-01
 3.645833E-01  9.687500E-01
 3.437500E-01  9.479167E-01
 4.270833E-01  8.437500E-01
 4.062500E-01  8.229167E-01
 3.854167E-01  7.812500E-01
 4.062500E-01  8.020833E-01
 4.895833E-01  7.812500E-01
 4.687500E-01  7.604167E-01
 4.270833E-01  9.687500E-01
 4.062500E-01  9.479167E-01
 3.854167E-01  9.062500E-01
 4.062500E-01  9.270833E-01
 4.895833E-01  9.062500E-01
 4.687500E-01  8.854167E-01
 4.895833E-01  9.687500E-01
 4.687500E-01  9.479167E-01
 4.895833E-01  8.437500E-01
 4.687500E-01  8.229167E-01
 4.895833E-01  7.187500E-01
 4.687500E-01  6.979167E-01
 6.145833E-01  3.125000E-02
 5.937500E-01  1.041667E-02
 6.770833E-01  3.125000E-02
 6.562500E-01  1.041667E-02
 5.937500E-01  1.145833E-01
 6.145833E-01  9.375000E-02
 6.145833E-01  1.562500E-01
 5.937500E-01  1.354167E-01
 6.145833E-01  2.187500E-01
 5.937500E-01  1.979167E-01
 6.770833E-01  1.562500E-01
 6.562500E-01  1.354167E-01
 6.770833E-01  9.375000E-02
 6.562500E-01  7.291667E-02
 7.395833E-01  3.125000E-02
 7.187500E-01  1.041667E-02
 8.020833E-01  3.125000E-02
 7.812500E-01  1.041667E-02
 7.187500E-01  1.145833E-01
 7.395833E-01  9.375000E-02
 6.770833E-01  2.187500E-01
 6.562500E-01  1.979167E-01
 6.979167E-01  1.562500E-01
 7.187500E-01  1.770833E-01
 8.020833E-01  1.562500E-01
 7.812500E-01  1.354167E-01
 7.187500E-01  2.395833E-01
 7.395833E-01  2.187500E-01
 8.020833E-01  9.375000E-02
 7.812500E-01  7.291667E-02
 5.937500E-01  3.020833E-01
 6.145833E-01  2.812500E-01
 6.145833E-01  3.437500E-01
 5.937500E-01  3.229167E-01
 6.770833E-01  3.437500E-01
 6.562500E-01  3.229167E-01
 5.937500E-01  4.270833E-01
 6.145833E-01  4.062500E-01
 5.104167E-01  4.687500E-01
 5.312500E-01  4.895833E-01
 5.729167E-01  4.687500E-01
 5.937500E-01  4.895833E-01
 6.770833E-01  4.687500E-01
 6.562500E-01  4.479167E-01
 5.937500E-01  5.520833E-01
 6.145833E-01  5.312500E-01
 5.312500E-01  5.520833E-01
 5.520833E-01  5.312500E-01
 6.770833E-01  4.062500E-01
 6.562500E-01  3.854167E-01
 6.354167E-01  2.812500E-01
 6.562500E-01  3.020833E-01
 7.395833E-01  2.812500E-01
 7.187500E-01  2.604167E-01
 8.020833E-01  2.812500E-01
 7.812500E-01  2.604167E-01
 7.187500E-01  3.645833E-01
 7.395833E-01  3.437500E-01
 7.395833E-01  4.062500E-01
 7.187500E-01  3.854167E-01
 7.395833E-01  4.687500E-01
 7.187500E-01  4.479167E-01
 8.020833E-01  4.062500E-01
 7.812500E-01  3.854167E-01
 8.020833E-01  3.437500E-01
 7.812500E-01  3.229167E-01
 6.562500E-01  5.520833E-01
 6.770833E-01  5.312500E-01
 8.020833E-01  2.187500E-01
 7.812500E-01  1.979167E-01
 8.645833E-01  3.125000E-02
 8.437500E-01  1.041667E-02
 9.270833E-01  3.125000E-02
 9.062500E-01  1.041667E-02
 8.437500E-01  1.145833E-01
 8.645833E-01  9.375000E-02
 8.645833E-01  1.562500E-01
 8.437500E-01  1.354167E-01
 8.645833E-01  2.187500E-01
 8.437500E-01  1.979167E-01
 9.270833E-01  1.562500E-01
 9.062500E-01  1.354167E-01
 9.270833E-01  9.375000E-02
 9.062500E-01  7.291667E-02
 9.895833E-01  3.125000E-02
 9.687500E-01  1.041667E-02
 9.687500E-01  1.145833E-01
 9.895833E-01  9.375000E-02
 9.270833E-01  2.187500E-01
 9.062500E-01  1.979167E-01
 9.479167E-01  1.562500E-01
 9.687500E-01  1.770833E-01
 9.687500E-01  2.395833E-01
 9.895833E-01  2.187500E-01
 8.437500E-01  3.020833E-01
 8.645833E-01  2.812500E-01
 8.645833E-01  3.437500E-01
 8.437500E-01  3.229167E-01
 9.270833E-01  3.437500E-01
 9.062500E-01  3.229167E-01
 8.437500E-01  4.270833E-01
 8.645833E-01  4.062500E-01
 7.604167E-01  4.687500E-01
 7.812500E-01  4.895833E-01
 8.229167E-01  4.687500E-01
 8.437500E-01  4.895833E-01
 9.270833E-01  4.687500E-01
 9.062500E-01  4.479167E-01
 8.437500E-01  5.520833E-01
 8.645833E-01  5.312500E-01
 7.812500E-01  5.520833E-01
 8.020833E-01  5.312500E-01
 9.270833E-01  4.062500E-01
 9.062500E-01  3.854167E-01
 8.854167E-01  2.812500E-01
 9.062500E-01  3.020833E-01
 9.895833E-01  2.812500E-01
 9.687500E-01  2.604167E-01
 9.687500E-01  3.645833E-01
 9.895833E-01  3.437500E-01
 9.895833E-01  4.062500E-01
 9.687500E-01  3.854167E-01
 9.895833E-01  4.687500E-01
 9.687500E-01  4.479167E-01
 9.062500E-01  5.520833E-01
 9.270833E-01  5.312500E-01
 7.187500E-01  5.520833E-01
 7.395833E-01  5.312500E-01
 5.520833E-01  5.937500E-01
 5.312500E-01  5.729167E-01
 6.145833E-01  5.937500E-01
 5.937500E-01  5.729167E-01
 5.520833E-01  7.187500E-01
 5.312500E-01  6.979167E-01
 5.104167E-01  6.562500E-01
 5.312500E-01  6.770833E-01
 6.145833E-01  6.562500E-01
 5.937500E-01  6.354167E-01
 6.145833E-01  7.187500E-01
 5.937500E-01  6.979167E-01
 5.312500E-01  8.020833E-01
 5.520833E-01  7.812500E-01
 6.354167E-01  5.937500E-01
 6.562500E-01  6.145833E-01
 6.979167E-01  5.937500E-01
 7.187500E-01  6.145833E-01
 6.562500E-01  6.770833E-01
 6.770833E-01  6.562500E-01
 6.770833E-01  7.187500E-01
 6.562500E-01  6.979167E-01
 6.979167E-01  6.562500E-01
 7.187500E-01  6.770833E-01
 8.020833E-01  6.562500E-01
 7.812500E-01  6.354167E-01
 7.187500E-01  7.395833E-01
 7.395833E-01  7.187500E-01
 8.020833E-01  5.937500E-01
 7.812500E-01  5.729167E-01
 5.937500E-01  8.020833E-01
 6.145833E-01  7.812500E-01
 5.520833E-01  8.437500E-01
 5.312500E-01  8.229167E-01
 6.145833E-01  8.437500E-01
 5.937500E-01  8.229167E-01
 5.520833E-01  9.687500E-01
 5.312500E-01  9.479167E-01
 5.104167E-01  9.062500E-01
 5.312500E-01  9.270833E-01
 6.145833E-01  9.062500E-01
 5.937500E-01  8.854167E-01
 6.145833E-01  9.687500E-01
 5.937500E-01  9.479167E-01
 6.770833E-01  8.437500E-01
 6.562500E-01  8.229167E-01
 6.354167E-01  7.812500E-01
 6.562500E-01  8.020833E-01
 7.395833E-01  8.437500E-01
 7.187500E-01  8.229167E-01
 7.395833E-01  7.812500E-01
 7.187500E-01  7.604167E-01
 6.770833E-01  9.687500E-01
 6.562500E-01  9.479167E-01
 6.354167E-01  9.062500E-01
 6.562500E-01  9.270833E-01
 7.395833E-01  9.062500E-01
 7.187500E-01  8.854167E-01
 7.395833E-01  9.687500E-01
 7.187500E-01  9.479167E-01
 8.020833E-01  7.187500E-01
 7.812500E-01  6.979167E-01
 8.645833E-01  5.937500E-01
 8.437500E-01  5.729167E-01
 9.270833E-01  5.937500E-01
 9.062500E-01  5.729167E-01
 8.437500E-01  6.770833E-01
 8.645833E-01  6.562500E-01
 8.020833E-01  7.812500E-01
 7.812500E-01  7.604167E-01
 8.229167E-01  7.187500E-01
 8.437500E-01  7.395833E-01
 9.270833E-01  7.187500E-01
 9.062500E-01  6.979167E-01
 8.437500E-01  8.020833E-01
 8.645833E-01  7.812500E-01
 9.270833E-01  6.562500E-01
 9.062500E-01  6.354167E-01
 9.895833E-01  5.937500E-01
 9.687500E-01  5.729167E-01
 9.479167E-01  5.312500E-01
 9.687500E-01  5.520833E-01
 9.895833E-01  7.187500E-01
 9.687500E-01  6.979167E-01
 9.479167E-01  6.562500E-01
 9.687500E-01  6.770833E-01
 9.062500E-01  8.020833E-01
 9.270833E-01  7.812500E-01
 9.687500E-01  8.020833E-01
 9.895833E-01  7.812500E-01
 7.604167E-01  8.437500E-01
 7.812500E-01  8.645833E-01
 8.229167E-01  8.437500E-01
 8.437500E-01  8.645833E-01
 7.812500E-01  9.270833E-01
 8.020833E-01  9.062500E-01
 8.020833E-01  9.687500E-01
 7.812500E-01  9.479167E-01
 8.645833E-01  9.687500E-01
 8.437500E-01  9.479167E-01
 8.229167E-01  9.062500E-01
 8.437500E-01  9.270833E-01
 9.270833E-01  8.437500E-01
 9.062500E-01  8.229167E-01
 9.270833E-01  9.062500E-01
 9.062500E-01  8.854167E-01
 9.479167E-01  8.437500E-01
 9.687500E-01  8.645833E-01
 9.687500E-01  9.270833E-01
 9.895833E-01  9.062500E-01
 8.854167E-01  9.687500E-01
 9.062500E-01  9.895833E-01
 9.479167E-01  9.687500E-01
 9.687500E-01  9.895833E-01
