 Le tableau ci dessous contient les informations sur les centres:
 Le nombre de centres: nbt
 les composantes des centres
 nbt  
 1.041667E-02  2.083333E-02
 4.166667E-02  1.041667E-02
 1.041667E-02  8.333333E-02
 2.083333E-02  7.291667E-02
 4.166667E-02  7.291667E-02
 1.041667E-02  4.166667E-02
 1.041667E-01  1.041667E-02
 2.083333E-02  2.604167E-01
 8.333333E-02  7.291667E-02
 7.291667E-02  2.083333E-02
 1.041667E-01  7.291667E-02
 5.208333E-02  2.083333E-02
 1.041667E-02  3.541667E-01
 5.208333E-02  8.333333E-02
 1.041667E-02  1.458333E-01
 4.166667E-02  1.354167E-01
 1.041667E-02  2.083333E-01
 2.083333E-02  1.979167E-01
 4.166667E-02  1.979167E-01
 1.041667E-02  1.041667E-01
 8.333333E-02  1.354167E-01
 4.166667E-02  1.145833E-01
 8.333333E-02  1.979167E-01
 7.291667E-02  1.458333E-01
 1.041667E-01  1.979167E-01
 5.208333E-02  2.083333E-01
 1.041667E-01  1.354167E-01
 5.208333E-02  1.458333E-01
 5.208333E-02  1.041667E-01
 5.208333E-02  2.291667E-01
 1.145833E-01  2.083333E-02
 2.083333E-02  1.041667E-02
 1.666667E-01  5.208333E-02
 1.666667E-01  1.041667E-02
 1.354167E-01  8.333333E-02
 1.458333E-01  5.208333E-02
 1.770833E-01  2.083333E-02
 1.145833E-01  4.166667E-02
 2.395833E-01  4.166667E-02
 2.291667E-01  1.041667E-02
 1.770833E-01  8.333333E-02
 2.083333E-01  5.208333E-02
 2.604167E-01  4.166667E-02
 1.770833E-01  4.166667E-02
 1.041667E-02  2.916667E-01
 2.083333E-01  7.291667E-02
 1.666667E-01  1.354167E-01
 1.666667E-01  1.145833E-01
 1.458333E-01  1.770833E-01
 1.354167E-01  1.458333E-01
 1.770833E-01  1.458333E-01
 1.145833E-01  1.458333E-01
 2.291667E-01  1.145833E-01
 2.395833E-01  1.041667E-01
 2.083333E-01  1.770833E-01
 1.770833E-01  1.666667E-01
 2.395833E-01  1.666667E-01
 1.458333E-01  1.979167E-01
 2.604167E-01  1.666667E-01
 2.083333E-01  1.145833E-01
 1.770833E-01  1.041667E-01
 1.145833E-01  2.083333E-01
 2.604167E-01  1.041667E-01
 1.145833E-01  8.333333E-02
 2.083333E-02  2.395833E-01
 2.083333E-01  1.979167E-01
 1.041667E-02  2.708333E-01
 4.166667E-02  2.604167E-01
 1.041667E-02  3.333333E-01
 2.083333E-02  3.229167E-01
 4.166667E-02  3.229167E-01
 2.083333E-02  5.208333E-02
 1.041667E-01  2.604167E-01
 1.041667E-01  2.395833E-01
 8.333333E-02  3.229167E-01
 7.291667E-02  2.708333E-01
 1.041667E-01  3.229167E-01
 5.208333E-02  2.708333E-01
 4.166667E-02  2.395833E-01
 5.208333E-02  3.333333E-01
 1.041667E-02  3.958333E-01
 4.166667E-02  3.854167E-01
 1.041667E-02  4.583333E-01
 2.083333E-02  4.479167E-01
 4.166667E-02  4.479167E-01
 1.041667E-01  5.208333E-02
 8.333333E-02  3.854167E-01
 4.166667E-02  3.645833E-01
 8.333333E-02  4.479167E-01
 7.291667E-02  3.958333E-01
 1.041667E-01  4.479167E-01
 5.208333E-02  4.583333E-01
 1.041667E-01  3.854167E-01
 5.208333E-02  3.958333E-01
 5.208333E-02  3.541667E-01
 5.208333E-02  4.791667E-01
 1.145833E-01  2.708333E-01
 8.333333E-02  1.041667E-02
 1.145833E-01  2.916667E-01
 1.666667E-01  2.395833E-01
 1.354167E-01  3.333333E-01
 1.458333E-01  3.229167E-01
 1.666667E-01  3.229167E-01
 1.458333E-01  2.395833E-01
 2.083333E-01  2.604167E-01
 1.979167E-01  2.291667E-01
 2.083333E-01  3.229167E-01
 1.979167E-01  2.708333E-01
 2.291667E-01  2.604167E-01
 1.770833E-01  2.708333E-01
 1.979167E-01  2.083333E-01
 1.770833E-01  3.333333E-01
 1.354167E-01  3.958333E-01
 1.666667E-01  3.854167E-01
 1.145833E-01  4.583333E-01
 1.458333E-01  4.479167E-01
 1.666667E-01  4.479167E-01
 1.145833E-01  3.958333E-01
 2.083333E-01  3.854167E-01
 1.666667E-01  3.645833E-01
 2.083333E-01  4.479167E-01
 1.979167E-01  3.958333E-01
 2.291667E-01  4.479167E-01
 1.770833E-01  4.583333E-01
 2.291667E-01  3.854167E-01
 1.770833E-01  3.958333E-01
 1.770833E-01  3.541667E-01
 1.770833E-01  4.791667E-01
 2.291667E-01  3.229167E-01
 1.145833E-01  3.333333E-01
 1.145833E-01  2.291667E-01
 1.145833E-01  4.791667E-01
 2.395833E-01  2.083333E-01
 4.166667E-02  5.208333E-02
 3.020833E-01  4.166667E-02
 2.916667E-01  1.041667E-02
 3.020833E-01  8.333333E-02
 2.916667E-01  5.208333E-02
 3.229167E-01  4.166667E-02
 2.708333E-01  1.354167E-01
 3.645833E-01  4.166667E-02
 3.541667E-01  1.041667E-02
 3.645833E-01  1.041667E-01
 3.541667E-01  5.208333E-02
 3.854167E-01  4.166667E-02
 3.333333E-01  5.208333E-02
 1.354167E-01  2.291667E-01
 3.020833E-01  1.041667E-01
 2.916667E-01  1.770833E-01
 2.916667E-01  1.354167E-01
 2.708333E-01  2.395833E-01
 2.395833E-01  2.291667E-01
 3.020833E-01  1.458333E-01
 2.708333E-01  1.770833E-01
 3.541667E-01  1.770833E-01
 3.541667E-01  1.354167E-01
 3.229167E-01  2.083333E-01
 3.333333E-01  1.770833E-01
 3.333333E-01  2.395833E-01
 3.020833E-01  2.083333E-01
 3.645833E-01  1.458333E-01
 3.020833E-01  1.666667E-01
 3.541667E-01  1.145833E-01
 2.708333E-01  2.604167E-01
 3.854167E-01  1.041667E-01
 2.708333E-01  5.208333E-02
 4.270833E-01  4.166667E-02
 4.166667E-01  1.041667E-02
 4.270833E-01  8.333333E-02
 4.166667E-01  5.208333E-02
 4.479167E-01  4.166667E-02
 3.958333E-01  1.354167E-01
 4.895833E-01  4.166667E-02
 4.791667E-01  1.041667E-02
 4.895833E-01  1.041667E-01
 4.791667E-01  5.208333E-02
 5.104167E-01  4.166667E-02
 4.583333E-01  5.208333E-02
 2.604167E-01  1.458333E-01
 4.270833E-01  1.041667E-01
 4.166667E-01  1.770833E-01
 4.166667E-01  1.354167E-01
 3.645833E-01  2.083333E-01
 3.958333E-01  1.770833E-01
 4.270833E-01  1.458333E-01
 3.645833E-01  1.666667E-01
 4.895833E-01  1.666667E-01
 4.791667E-01  1.354167E-01
 4.791667E-01  1.979167E-01
 4.791667E-01  1.770833E-01
 4.895833E-01  2.291667E-01
 4.270833E-01  2.083333E-01
 5.104167E-01  1.666667E-01
 4.270833E-01  1.666667E-01
 4.791667E-01  1.145833E-01
 3.645833E-01  2.291667E-01
 5.104167E-01  1.041667E-01
 3.958333E-01  5.208333E-02
 2.395833E-01  1.458333E-01
 4.270833E-01  2.291667E-01
 2.708333E-01  3.020833E-01
 2.604167E-01  2.708333E-01
 3.020833E-01  3.333333E-01
 2.708333E-01  3.229167E-01
 3.229167E-01  2.916667E-01
 2.604167E-01  3.333333E-01
 3.645833E-01  2.916667E-01
 3.229167E-01  2.708333E-01
 3.645833E-01  3.541667E-01
 3.541667E-01  3.020833E-01
 3.854167E-01  2.916667E-01
 3.333333E-01  3.020833E-01
 3.333333E-01  2.604167E-01
 3.020833E-01  3.541667E-01
 2.604167E-01  3.958333E-01
 2.916667E-01  3.854167E-01
 2.395833E-01  4.583333E-01
 2.708333E-01  4.479167E-01
 2.916667E-01  4.479167E-01
 2.395833E-01  3.958333E-01
 3.541667E-01  3.854167E-01
 3.541667E-01  3.645833E-01
 3.333333E-01  4.479167E-01
 3.229167E-01  3.958333E-01
 3.541667E-01  4.479167E-01
 3.020833E-01  4.583333E-01
 3.645833E-01  3.958333E-01
 3.020833E-01  3.958333E-01
 2.916667E-01  3.645833E-01
 3.020833E-01  4.791667E-01
 3.854167E-01  3.541667E-01
 2.395833E-01  3.333333E-01
 4.270833E-01  2.916667E-01
 4.166667E-01  2.604167E-01
 4.270833E-01  3.333333E-01
 4.166667E-01  3.020833E-01
 4.479167E-01  2.916667E-01
 3.958333E-01  3.854167E-01
 4.895833E-01  2.916667E-01
 4.791667E-01  2.604167E-01
 4.895833E-01  3.541667E-01
 4.791667E-01  3.020833E-01
 5.104167E-01  2.916667E-01
 4.583333E-01  3.020833E-01
 4.791667E-01  2.395833E-01
 4.270833E-01  3.541667E-01
 4.166667E-01  4.270833E-01
 4.166667E-01  3.854167E-01
 3.645833E-01  4.583333E-01
 3.958333E-01  4.270833E-01
 4.270833E-01  3.958333E-01
 3.645833E-01  4.166667E-01
 4.895833E-01  4.166667E-01
 4.791667E-01  3.854167E-01
 4.791667E-01  4.479167E-01
 4.791667E-01  4.270833E-01
 4.791667E-01  4.895833E-01
 4.270833E-01  4.583333E-01
 5.104167E-01  4.166667E-01
 4.270833E-01  4.166667E-01
 4.791667E-01  3.645833E-01
 4.270833E-01  4.791667E-01
 5.104167E-01  3.541667E-01
 3.958333E-01  3.020833E-01
 4.166667E-01  2.395833E-01
 3.645833E-01  4.791667E-01
 5.104167E-01  2.291667E-01
 2.395833E-01  2.708333E-01
 1.354167E-01  2.083333E-01
 2.395833E-01  4.791667E-01
 1.041667E-02  5.208333E-01
 4.166667E-02  5.104167E-01
 1.041667E-02  5.833333E-01
 2.083333E-02  5.729167E-01
 4.166667E-02  5.729167E-01
 5.208333E-02  4.166667E-02
 7.291667E-02  5.208333E-01
 1.041667E-01  5.104167E-01
 5.208333E-02  5.833333E-01
 8.333333E-02  5.729167E-01
 1.041667E-01  5.729167E-01
 5.208333E-02  5.208333E-01
 4.166667E-02  4.895833E-01
 5.208333E-02  6.041667E-01
 1.041667E-02  6.458333E-01
 4.166667E-02  6.354167E-01
 7.291667E-02  8.333333E-02
 1.041667E-02  7.083333E-01
 2.083333E-02  6.770833E-01
 7.291667E-02  1.041667E-01
 7.291667E-02  6.458333E-01
 8.333333E-02  6.354167E-01
 5.208333E-02  7.291667E-01
 2.083333E-02  6.979167E-01
 7.291667E-02  7.291667E-01
 2.083333E-02  7.395833E-01
 8.333333E-02  6.770833E-01
 5.208333E-02  6.458333E-01
 4.166667E-02  6.145833E-01
 2.083333E-02  7.604167E-01
 1.041667E-01  6.354167E-01
 7.291667E-02  4.166667E-02
 1.354167E-01  5.208333E-01
 1.666667E-01  5.104167E-01
 1.354167E-01  5.833333E-01
 1.458333E-01  5.729167E-01
 1.666667E-01  5.729167E-01
 1.145833E-01  5.833333E-01
 1.979167E-01  5.208333E-01
 2.291667E-01  5.104167E-01
 1.770833E-01  5.833333E-01
 2.083333E-01  5.729167E-01
 2.291667E-01  5.729167E-01
 1.770833E-01  5.208333E-01
 1.666667E-01  4.895833E-01
 1.770833E-01  6.041667E-01
 1.354167E-01  6.458333E-01
 1.666667E-01  6.354167E-01
 1.145833E-01  7.083333E-01
 8.333333E-02  6.979167E-01
 1.458333E-01  6.770833E-01
 1.145833E-01  6.458333E-01
 1.979167E-01  6.458333E-01
 2.083333E-01  6.354167E-01
 1.770833E-01  7.083333E-01
 1.458333E-01  6.979167E-01
 2.083333E-01  6.979167E-01
 1.145833E-01  7.291667E-01
 2.291667E-01  6.979167E-01
 1.770833E-01  6.458333E-01
 1.666667E-01  6.145833E-01
 8.333333E-02  7.395833E-01
 2.291667E-01  6.354167E-01
 1.145833E-01  5.208333E-01
 1.041667E-01  4.895833E-01
 1.770833E-01  7.291667E-01
 2.083333E-02  8.229167E-01
 1.041667E-02  7.708333E-01
 2.083333E-02  8.645833E-01
 1.041667E-02  8.333333E-01
 4.166667E-02  8.229167E-01
 2.083333E-02  1.145833E-01
 1.041667E-01  8.020833E-01
 5.208333E-02  7.708333E-01
 5.208333E-02  8.333333E-01
 8.333333E-02  8.020833E-01
 1.041667E-01  8.645833E-01
 5.208333E-02  7.916667E-01
 8.333333E-02  7.604167E-01
 5.208333E-02  8.541667E-01
 2.083333E-02  9.479167E-01
 1.041667E-02  8.958333E-01
 2.083333E-02  9.895833E-01
 1.041667E-02  9.583333E-01
 4.166667E-02  9.479167E-01
 1.041667E-02  2.291667E-01
 7.291667E-02  8.958333E-01
 8.333333E-02  8.645833E-01
 7.291667E-02  9.583333E-01
 8.333333E-02  9.479167E-01
 8.333333E-02  9.895833E-01
 5.208333E-02  9.583333E-01
 1.041667E-01  9.479167E-01
 5.208333E-02  8.958333E-01
 2.083333E-02  8.854167E-01
 4.166667E-02  1.770833E-01
 1.145833E-01  7.708333E-01
 2.083333E-02  1.354167E-01
 1.458333E-01  8.229167E-01
 1.145833E-01  7.916667E-01
 1.458333E-01  8.645833E-01
 1.354167E-01  8.333333E-01
 1.666667E-01  8.229167E-01
 1.145833E-01  8.333333E-01
 1.979167E-01  7.708333E-01
 2.083333E-01  7.604167E-01
 1.770833E-01  8.333333E-01
 2.083333E-01  8.229167E-01
 2.291667E-01  8.229167E-01
 1.770833E-01  7.708333E-01
 1.666667E-01  7.604167E-01
 1.770833E-01  8.541667E-01
 1.458333E-01  9.479167E-01
 1.354167E-01  8.958333E-01
 1.458333E-01  9.895833E-01
 1.354167E-01  9.583333E-01
 1.666667E-01  9.479167E-01
 1.145833E-01  9.583333E-01
 1.979167E-01  8.958333E-01
 2.083333E-01  8.854167E-01
 1.979167E-01  9.583333E-01
 2.083333E-01  9.479167E-01
 2.083333E-01  9.895833E-01
 1.770833E-01  9.583333E-01
 2.291667E-01  9.479167E-01
 1.770833E-01  8.958333E-01
 1.458333E-01  8.854167E-01
 1.041667E-01  1.145833E-01
 2.291667E-01  8.854167E-01
 1.145833E-01  8.958333E-01
 1.666667E-01  7.395833E-01
 2.083333E-02  1.770833E-01
 2.291667E-01  7.604167E-01
 1.041667E-02  1.666667E-01
 2.604167E-01  5.208333E-01
 2.916667E-01  5.104167E-01
 2.604167E-01  5.833333E-01
 2.708333E-01  5.729167E-01
 2.916667E-01  5.729167E-01
 2.395833E-01  5.208333E-01
 3.229167E-01  5.208333E-01
 3.541667E-01  5.104167E-01
 3.020833E-01  5.833333E-01
 3.333333E-01  5.729167E-01
 3.541667E-01  5.729167E-01
 3.020833E-01  5.208333E-01
 2.916667E-01  4.895833E-01
 3.020833E-01  6.041667E-01
 2.604167E-01  6.458333E-01
 2.916667E-01  6.354167E-01
 2.395833E-01  7.291667E-01
 2.604167E-01  7.291667E-01
 2.708333E-01  6.770833E-01
 2.395833E-01  6.458333E-01
 3.229167E-01  6.458333E-01
 3.333333E-01  6.354167E-01
 3.020833E-01  7.291667E-01
 2.708333E-01  6.979167E-01
 3.229167E-01  7.291667E-01
 2.708333E-01  7.395833E-01
 3.333333E-01  6.770833E-01
 3.020833E-01  6.458333E-01
 2.916667E-01  6.145833E-01
 2.708333E-01  7.604167E-01
 3.541667E-01  6.354167E-01
 2.395833E-01  5.833333E-01
 3.854167E-01  5.208333E-01
 4.166667E-01  5.104167E-01
 3.854167E-01  5.833333E-01
 3.958333E-01  5.729167E-01
 4.166667E-01  5.729167E-01
 3.645833E-01  5.833333E-01
 4.479167E-01  5.208333E-01
 4.583333E-01  4.895833E-01
 4.270833E-01  5.833333E-01
 4.583333E-01  5.729167E-01
 4.791667E-01  5.729167E-01
 4.270833E-01  5.208333E-01
 4.166667E-01  4.895833E-01
 4.270833E-01  6.041667E-01
 3.854167E-01  6.458333E-01
 4.166667E-01  6.354167E-01
 3.645833E-01  7.083333E-01
 3.333333E-01  6.979167E-01
 3.958333E-01  6.770833E-01
 3.645833E-01  6.458333E-01
 4.479167E-01  6.458333E-01
 4.583333E-01  6.354167E-01
 4.270833E-01  7.083333E-01
 3.958333E-01  6.979167E-01
 4.583333E-01  6.979167E-01
 3.645833E-01  7.291667E-01
 4.791667E-01  6.979167E-01
 4.270833E-01  6.458333E-01
 4.166667E-01  6.145833E-01
 3.333333E-01  7.395833E-01
 4.791667E-01  6.354167E-01
 3.645833E-01  5.208333E-01
 3.541667E-01  4.895833E-01
 4.270833E-01  7.291667E-01
 2.708333E-01  8.229167E-01
 2.604167E-01  7.708333E-01
 2.708333E-01  8.645833E-01
 2.604167E-01  8.333333E-01
 2.916667E-01  8.229167E-01
 2.395833E-01  8.333333E-01
 3.541667E-01  8.020833E-01
 3.020833E-01  7.708333E-01
 3.020833E-01  8.333333E-01
 3.333333E-01  8.020833E-01
 3.541667E-01  8.645833E-01
 3.020833E-01  7.916667E-01
 3.333333E-01  7.604167E-01
 3.020833E-01  8.541667E-01
 2.708333E-01  9.479167E-01
 2.604167E-01  8.958333E-01
 2.708333E-01  9.895833E-01
 2.604167E-01  9.583333E-01
 2.916667E-01  9.479167E-01
 2.395833E-01  9.583333E-01
 3.229167E-01  8.958333E-01
 3.333333E-01  8.645833E-01
 3.229167E-01  9.583333E-01
 3.333333E-01  9.479167E-01
 3.333333E-01  9.895833E-01
 3.020833E-01  9.583333E-01
 3.541667E-01  9.479167E-01
 3.020833E-01  8.958333E-01
 2.708333E-01  8.854167E-01
 1.041667E-01  1.770833E-01
 3.645833E-01  7.708333E-01
 2.395833E-01  8.958333E-01
 3.958333E-01  8.229167E-01
 3.645833E-01  7.916667E-01
 3.958333E-01  8.645833E-01
 3.854167E-01  8.333333E-01
 4.166667E-01  8.229167E-01
 3.645833E-01  8.333333E-01
 4.479167E-01  7.708333E-01
 4.583333E-01  7.604167E-01
 4.270833E-01  8.333333E-01
 4.583333E-01  8.229167E-01
 4.791667E-01  8.229167E-01
 4.270833E-01  7.708333E-01
 4.166667E-01  7.604167E-01
 4.270833E-01  8.541667E-01
 3.958333E-01  9.479167E-01
 3.854167E-01  8.958333E-01
 3.958333E-01  9.895833E-01
 3.854167E-01  9.583333E-01
 4.166667E-01  9.479167E-01
 3.645833E-01  9.583333E-01
 4.479167E-01  8.958333E-01
 4.583333E-01  8.854167E-01
 4.479167E-01  9.583333E-01
 4.583333E-01  9.479167E-01
 4.583333E-01  9.895833E-01
 4.270833E-01  9.583333E-01
 4.791667E-01  9.479167E-01
 4.270833E-01  8.958333E-01
 3.958333E-01  8.854167E-01
 5.208333E-02  1.666667E-01
 4.791667E-01  8.854167E-01
 3.645833E-01  8.958333E-01
 4.166667E-01  7.395833E-01
 8.333333E-02  1.770833E-01
 4.791667E-01  7.604167E-01
 2.395833E-01  7.708333E-01
 2.291667E-01  4.895833E-01
 8.333333E-02  1.145833E-01
 4.895833E-01  4.583333E-01
 8.333333E-02  5.208333E-02
 5.520833E-01  4.166667E-02
 5.416667E-01  1.041667E-02
 5.520833E-01  8.333333E-02
 5.416667E-01  5.208333E-02
 5.729167E-01  4.166667E-02
 5.208333E-01  1.354167E-01
 6.145833E-01  4.166667E-02
 6.041667E-01  1.041667E-02
 6.145833E-01  1.041667E-01
 6.041667E-01  5.208333E-02
 6.354167E-01  4.166667E-02
 5.833333E-01  5.208333E-02
 2.291667E-01  1.979167E-01
 5.520833E-01  1.041667E-01
 5.520833E-01  1.666667E-01
 5.416667E-01  1.354167E-01
 5.520833E-01  2.083333E-01
 5.416667E-01  1.770833E-01
 5.729167E-01  1.666667E-01
 5.208333E-01  2.604167E-01
 6.145833E-01  1.666667E-01
 6.041667E-01  1.354167E-01
 5.833333E-01  2.395833E-01
 5.520833E-01  2.291667E-01
 6.041667E-01  1.770833E-01
 6.145833E-01  2.083333E-01
 6.354167E-01  1.666667E-01
 5.833333E-01  1.770833E-01
 6.041667E-01  1.145833E-01
 5.416667E-01  2.604167E-01
 6.354167E-01  1.041667E-01
 5.208333E-01  1.770833E-01
 6.770833E-01  4.166667E-02
 6.666667E-01  1.041667E-02
 6.770833E-01  8.333333E-02
 6.666667E-01  5.208333E-02
 6.979167E-01  4.166667E-02
 6.458333E-01  1.354167E-01
 7.395833E-01  4.166667E-02
 7.291667E-01  1.041667E-02
 7.395833E-01  1.041667E-01
 7.291667E-01  5.208333E-02
 7.604167E-01  4.166667E-02
 7.083333E-01  5.208333E-02
 2.604167E-01  8.333333E-02
 6.770833E-01  1.041667E-01
 6.666667E-01  1.770833E-01
 6.666667E-01  1.354167E-01
 6.458333E-01  2.395833E-01
 6.145833E-01  2.291667E-01
 6.770833E-01  1.458333E-01
 6.458333E-01  1.770833E-01
 7.395833E-01  1.666667E-01
 7.291667E-01  1.354167E-01
 7.291667E-01  1.979167E-01
 7.291667E-01  1.770833E-01
 7.395833E-01  2.291667E-01
 6.770833E-01  2.083333E-01
 7.604167E-01  1.666667E-01
 6.770833E-01  1.666667E-01
 7.291667E-01  1.145833E-01
 6.770833E-01  2.291667E-01
 7.604167E-01  1.041667E-01
 6.458333E-01  5.208333E-02
 2.395833E-01  8.333333E-02
 5.833333E-01  2.604167E-01
 5.416667E-01  3.020833E-01
 5.729167E-01  2.916667E-01
 5.416667E-01  3.645833E-01
 5.520833E-01  3.541667E-01
 5.729167E-01  3.541667E-01
 5.208333E-01  3.645833E-01
 6.041667E-01  3.020833E-01
 6.354167E-01  2.916667E-01
 5.833333E-01  3.645833E-01
 6.145833E-01  3.541667E-01
 6.354167E-01  3.541667E-01
 5.833333E-01  3.020833E-01
 5.729167E-01  2.708333E-01
 5.833333E-01  3.854167E-01
 5.416667E-01  4.270833E-01
 5.729167E-01  4.166667E-01
 5.208333E-01  4.895833E-01
 4.895833E-01  4.791667E-01
 5.520833E-01  4.583333E-01
 5.208333E-01  4.270833E-01
 6.041667E-01  4.270833E-01
 6.145833E-01  4.166667E-01
 5.833333E-01  4.895833E-01
 5.520833E-01  4.791667E-01
 6.145833E-01  4.791667E-01
 5.833333E-01  5.104167E-01
 6.354167E-01  4.791667E-01
 5.833333E-01  4.270833E-01
 5.729167E-01  3.958333E-01
 5.208333E-01  5.104167E-01
 6.354167E-01  4.166667E-01
 5.208333E-01  3.020833E-01
 6.770833E-01  2.916667E-01
 6.354167E-01  2.708333E-01
 6.770833E-01  3.333333E-01
 6.666667E-01  3.020833E-01
 6.979167E-01  2.916667E-01
 6.458333E-01  3.020833E-01
 7.395833E-01  2.916667E-01
 7.291667E-01  2.604167E-01
 7.395833E-01  3.541667E-01
 7.291667E-01  3.020833E-01
 7.604167E-01  2.916667E-01
 7.083333E-01  3.020833E-01
 7.291667E-01  2.395833E-01
 6.770833E-01  3.541667E-01
 6.770833E-01  4.166667E-01
 6.666667E-01  3.645833E-01
 6.770833E-01  4.583333E-01
 6.666667E-01  4.270833E-01
 6.979167E-01  4.166667E-01
 6.458333E-01  4.270833E-01
 7.395833E-01  4.166667E-01
 7.291667E-01  3.854167E-01
 7.083333E-01  4.895833E-01
 6.770833E-01  4.791667E-01
 7.291667E-01  4.270833E-01
 7.395833E-01  4.583333E-01
 7.604167E-01  4.166667E-01
 7.083333E-01  4.270833E-01
 7.291667E-01  3.645833E-01
 6.458333E-01  4.895833E-01
 7.604167E-01  3.541667E-01
 6.458333E-01  3.645833E-01
 6.458333E-01  2.604167E-01
 6.458333E-01  5.104167E-01
 7.604167E-01  2.291667E-01
 5.208333E-01  5.208333E-02
 8.020833E-01  4.166667E-02
 7.916667E-01  1.041667E-02
 8.020833E-01  8.333333E-02
 7.916667E-01  5.208333E-02
 8.229167E-01  4.166667E-02
 7.708333E-01  1.354167E-01
 8.645833E-01  4.166667E-02
 8.541667E-01  1.041667E-02
 8.645833E-01  1.041667E-01
 8.541667E-01  5.208333E-02
 8.854167E-01  4.166667E-02
 8.333333E-01  5.208333E-02
 2.083333E-01  1.354167E-01
 8.020833E-01  1.041667E-01
 8.020833E-01  1.666667E-01
 7.916667E-01  1.354167E-01
 8.020833E-01  2.083333E-01
 7.916667E-01  1.770833E-01
 8.229167E-01  1.666667E-01
 7.708333E-01  2.604167E-01
 8.645833E-01  1.666667E-01
 8.541667E-01  1.354167E-01
 8.333333E-01  2.395833E-01
 8.020833E-01  2.291667E-01
 8.541667E-01  1.770833E-01
 8.645833E-01  2.083333E-01
 8.854167E-01  1.666667E-01
 8.333333E-01  1.770833E-01
 8.541667E-01  1.145833E-01
 7.916667E-01  2.604167E-01
 8.854167E-01  1.041667E-01
 7.708333E-01  1.770833E-01
 9.270833E-01  4.166667E-02
 9.166667E-01  1.041667E-02
 9.270833E-01  8.333333E-02
 9.166667E-01  5.208333E-02
 9.479167E-01  4.166667E-02
 8.958333E-01  1.354167E-01
 9.895833E-01  4.166667E-02
 9.791667E-01  1.041667E-02
 9.895833E-01  1.041667E-01
 9.791667E-01  5.208333E-02
 1.354167E-01  1.666667E-01
 9.583333E-01  5.208333E-02
 1.979167E-01  1.666667E-01
 9.270833E-01  1.041667E-01
 9.166667E-01  1.770833E-01
 9.166667E-01  1.354167E-01
 8.958333E-01  2.395833E-01
 8.645833E-01  2.291667E-01
 9.270833E-01  1.458333E-01
 8.958333E-01  1.770833E-01
 9.895833E-01  1.666667E-01
 9.791667E-01  1.354167E-01
 9.791667E-01  1.979167E-01
 9.791667E-01  1.770833E-01
 9.895833E-01  2.291667E-01
 9.270833E-01  2.083333E-01
 1.666667E-01  1.770833E-01
 9.270833E-01  1.666667E-01
 9.791667E-01  1.145833E-01
 9.270833E-01  2.291667E-01
 1.145833E-01  1.666667E-01
 8.958333E-01  5.208333E-02
 1.979167E-01  1.458333E-01
 8.333333E-01  2.604167E-01
 7.916667E-01  3.020833E-01
 8.229167E-01  2.916667E-01
 7.916667E-01  3.645833E-01
 8.020833E-01  3.541667E-01
 8.229167E-01  3.541667E-01
 7.708333E-01  3.645833E-01
 8.541667E-01  3.020833E-01
 8.854167E-01  2.916667E-01
 8.333333E-01  3.645833E-01
 8.645833E-01  3.541667E-01
 8.854167E-01  3.541667E-01
 8.333333E-01  3.020833E-01
 8.229167E-01  2.708333E-01
 8.333333E-01  3.854167E-01
 7.916667E-01  4.270833E-01
 8.229167E-01  4.166667E-01
 7.708333E-01  4.895833E-01
 7.395833E-01  4.791667E-01
 8.020833E-01  4.583333E-01
 7.708333E-01  4.270833E-01
 8.541667E-01  4.270833E-01
 8.645833E-01  4.166667E-01
 8.333333E-01  4.895833E-01
 8.020833E-01  4.791667E-01
 8.645833E-01  4.791667E-01
 8.333333E-01  5.104167E-01
 8.854167E-01  4.791667E-01
 8.333333E-01  4.270833E-01
 8.229167E-01  3.958333E-01
 7.708333E-01  5.104167E-01
 8.854167E-01  4.166667E-01
 7.708333E-01  3.020833E-01
 9.270833E-01  2.916667E-01
 8.854167E-01  2.708333E-01
 9.270833E-01  3.333333E-01
 9.166667E-01  3.020833E-01
 9.479167E-01  2.916667E-01
 8.958333E-01  3.020833E-01
 9.895833E-01  2.916667E-01
 9.791667E-01  2.604167E-01
 9.895833E-01  3.541667E-01
 9.791667E-01  3.020833E-01
 1.458333E-01  1.354167E-01
 9.583333E-01  3.020833E-01
 9.791667E-01  2.395833E-01
 9.270833E-01  3.541667E-01
 9.270833E-01  4.166667E-01
 9.166667E-01  3.645833E-01
 9.270833E-01  4.583333E-01
 9.166667E-01  4.270833E-01
 9.479167E-01  4.166667E-01
 8.958333E-01  4.270833E-01
 9.895833E-01  4.166667E-01
 9.791667E-01  3.854167E-01
 9.583333E-01  4.895833E-01
 9.270833E-01  4.791667E-01
 9.791667E-01  4.270833E-01
 9.895833E-01  4.791667E-01
 2.291667E-01  5.208333E-02
 9.583333E-01  4.270833E-01
 9.791667E-01  3.645833E-01
 8.958333E-01  4.895833E-01
 1.458333E-01  1.145833E-01
 8.958333E-01  3.645833E-01
 8.958333E-01  2.604167E-01
 8.958333E-01  5.104167E-01
 1.666667E-01  1.979167E-01
 7.708333E-01  5.208333E-02
 2.291667E-01  1.354167E-01
 7.083333E-01  5.104167E-01
 5.208333E-01  5.729167E-01
 5.104167E-01  5.208333E-01
 5.208333E-01  6.145833E-01
 5.104167E-01  5.833333E-01
 5.416667E-01  5.729167E-01
 4.895833E-01  5.833333E-01
 5.833333E-01  5.520833E-01
 5.729167E-01  5.416667E-01
 6.041667E-01  6.145833E-01
 5.833333E-01  5.729167E-01
 6.354167E-01  5.416667E-01
 5.520833E-01  5.833333E-01
 5.729167E-01  5.208333E-01
 5.520833E-01  6.041667E-01
 5.208333E-01  6.979167E-01
 5.104167E-01  6.458333E-01
 5.208333E-01  7.395833E-01
 5.104167E-01  7.083333E-01
 5.416667E-01  6.979167E-01
 4.895833E-01  7.083333E-01
 5.729167E-01  6.458333E-01
 5.833333E-01  6.145833E-01
 5.729167E-01  7.083333E-01
 5.833333E-01  6.979167E-01
 5.833333E-01  7.395833E-01
 5.520833E-01  7.083333E-01
 6.041667E-01  6.979167E-01
 5.520833E-01  6.458333E-01
 5.208333E-01  6.354167E-01
 5.208333E-01  7.604167E-01
 6.145833E-01  5.833333E-01
 4.895833E-01  6.458333E-01
 6.666667E-01  5.520833E-01
 6.979167E-01  5.416667E-01
 6.458333E-01  6.145833E-01
 6.145833E-01  6.041667E-01
 6.770833E-01  5.833333E-01
 6.458333E-01  5.520833E-01
 7.291667E-01  5.520833E-01
 7.604167E-01  5.416667E-01
 7.083333E-01  6.145833E-01
 6.770833E-01  6.041667E-01
 7.395833E-01  6.041667E-01
 7.083333E-01  5.520833E-01
 6.979167E-01  5.208333E-01
 6.458333E-01  6.354167E-01
 6.458333E-01  6.979167E-01
 6.354167E-01  6.458333E-01
 6.458333E-01  7.395833E-01
 6.354167E-01  7.083333E-01
 6.666667E-01  6.979167E-01
 6.145833E-01  7.083333E-01
 7.395833E-01  6.666667E-01
 6.770833E-01  6.458333E-01
 7.291667E-01  6.979167E-01
 7.291667E-01  6.770833E-01
 7.395833E-01  7.291667E-01
 6.770833E-01  7.083333E-01
 7.604167E-01  6.666667E-01
 6.770833E-01  6.666667E-01
 7.083333E-01  6.354167E-01
 6.770833E-01  7.291667E-01
 7.604167E-01  6.041667E-01
 6.145833E-01  6.458333E-01
 6.354167E-01  5.208333E-01
 5.833333E-01  7.604167E-01
 5.208333E-01  8.229167E-01
 5.104167E-01  7.708333E-01
 5.208333E-01  8.645833E-01
 5.104167E-01  8.333333E-01
 5.416667E-01  8.229167E-01
 4.895833E-01  8.333333E-01
 5.833333E-01  8.020833E-01
 5.729167E-01  7.916667E-01
 6.041667E-01  8.645833E-01
 5.833333E-01  8.229167E-01
 6.354167E-01  7.916667E-01
 5.520833E-01  8.333333E-01
 5.729167E-01  7.708333E-01
 5.520833E-01  8.541667E-01
 5.208333E-01  9.479167E-01
 5.104167E-01  8.958333E-01
 5.208333E-01  9.895833E-01
 5.104167E-01  9.583333E-01
 5.416667E-01  9.479167E-01
 4.895833E-01  9.583333E-01
 5.729167E-01  8.958333E-01
 5.833333E-01  8.645833E-01
 5.729167E-01  9.583333E-01
 5.833333E-01  9.479167E-01
 5.833333E-01  9.895833E-01
 5.520833E-01  9.583333E-01
 6.041667E-01  9.479167E-01
 5.520833E-01  8.958333E-01
 5.208333E-01  8.854167E-01
 7.291667E-02  2.291667E-01
 6.145833E-01  8.333333E-01
 4.895833E-01  8.958333E-01
 6.666667E-01  8.020833E-01
 6.354167E-01  7.708333E-01
 6.458333E-01  8.645833E-01
 6.145833E-01  8.541667E-01
 6.770833E-01  7.708333E-01
 6.458333E-01  8.020833E-01
 7.291667E-01  8.020833E-01
 7.291667E-01  7.604167E-01
 6.770833E-01  8.333333E-01
 7.083333E-01  8.020833E-01
 7.291667E-01  8.645833E-01
 6.770833E-01  7.916667E-01
 7.291667E-01  7.395833E-01
 6.770833E-01  8.541667E-01
 6.458333E-01  9.479167E-01
 6.354167E-01  8.958333E-01
 6.458333E-01  9.895833E-01
 6.354167E-01  9.583333E-01
 6.666667E-01  9.479167E-01
 6.145833E-01  9.583333E-01
 6.979167E-01  8.958333E-01
 7.083333E-01  8.645833E-01
 6.979167E-01  9.583333E-01
 7.083333E-01  9.479167E-01
 7.083333E-01  9.895833E-01
 6.770833E-01  9.583333E-01
 7.291667E-01  9.479167E-01
 6.770833E-01  8.958333E-01
 6.458333E-01  8.854167E-01
 1.354167E-01  4.166667E-02
 7.395833E-01  7.708333E-01
 6.145833E-01  8.958333E-01
 6.458333E-01  7.604167E-01
 7.291667E-02  2.083333E-01
 7.604167E-01  7.291667E-01
 4.895833E-01  7.708333E-01
 7.916667E-01  5.520833E-01
 8.229167E-01  5.416667E-01
 7.916667E-01  6.145833E-01
 8.020833E-01  6.041667E-01
 8.229167E-01  6.041667E-01
 7.708333E-01  6.145833E-01
 8.541667E-01  5.520833E-01
 8.854167E-01  5.416667E-01
 8.333333E-01  6.145833E-01
 8.645833E-01  6.041667E-01
 8.854167E-01  6.041667E-01
 8.333333E-01  5.520833E-01
 8.229167E-01  5.208333E-01
 8.333333E-01  6.354167E-01
 7.916667E-01  6.770833E-01
 8.229167E-01  6.666667E-01
 7.395833E-01  7.916667E-01
 7.916667E-01  7.395833E-01
 8.020833E-01  7.083333E-01
 7.708333E-01  7.395833E-01
 8.541667E-01  6.770833E-01
 8.645833E-01  6.666667E-01
 8.333333E-01  7.395833E-01
 8.020833E-01  7.291667E-01
 8.645833E-01  7.291667E-01
 8.020833E-01  7.708333E-01
 8.854167E-01  7.291667E-01
 8.333333E-01  6.770833E-01
 8.229167E-01  6.458333E-01
 8.333333E-01  7.604167E-01
 8.854167E-01  6.666667E-01
 7.708333E-01  6.770833E-01
 9.166667E-01  5.520833E-01
 9.479167E-01  5.416667E-01
 9.166667E-01  6.145833E-01
 9.270833E-01  6.041667E-01
 9.479167E-01  6.041667E-01
 8.958333E-01  5.520833E-01
 9.895833E-01  5.416667E-01
 9.479167E-01  5.208333E-01
 9.895833E-01  6.041667E-01
 9.791667E-01  5.520833E-01
 1.979167E-01  8.333333E-02
 9.583333E-01  5.520833E-01
 8.854167E-01  5.208333E-01
 9.583333E-01  6.145833E-01
 9.166667E-01  6.770833E-01
 9.479167E-01  6.666667E-01
 8.958333E-01  7.395833E-01
 9.270833E-01  7.291667E-01
 9.479167E-01  7.291667E-01
 8.958333E-01  6.770833E-01
 9.895833E-01  6.666667E-01
 9.479167E-01  6.458333E-01
 9.895833E-01  7.291667E-01
 9.791667E-01  6.770833E-01
 2.395833E-01  2.083333E-02
 9.583333E-01  7.395833E-01
 2.083333E-01  1.041667E-02
 9.583333E-01  6.770833E-01
 9.583333E-01  6.354167E-01
 8.958333E-01  7.604167E-01
 1.979167E-01  1.041667E-01
 8.958333E-01  6.145833E-01
 7.604167E-01  5.208333E-01
 9.583333E-01  7.604167E-01
 7.916667E-01  8.229167E-01
 7.916667E-01  8.020833E-01
 7.708333E-01  8.645833E-01
 7.604167E-01  8.333333E-01
 8.020833E-01  8.333333E-01
 7.395833E-01  8.333333E-01
 8.541667E-01  8.020833E-01
 8.854167E-01  7.916667E-01
 8.333333E-01  8.645833E-01
 8.020833E-01  8.541667E-01
 8.645833E-01  8.541667E-01
 8.333333E-01  8.020833E-01
 8.020833E-01  7.916667E-01
 7.708333E-01  8.854167E-01
 7.708333E-01  9.479167E-01
 7.604167E-01  8.958333E-01
 7.708333E-01  9.895833E-01
 7.604167E-01  9.583333E-01
 7.916667E-01  9.479167E-01
 7.395833E-01  9.583333E-01
 8.541667E-01  9.270833E-01
 8.020833E-01  8.958333E-01
 8.229167E-01  9.583333E-01
 8.333333E-01  9.270833E-01
 8.333333E-01  9.895833E-01
 8.020833E-01  9.583333E-01
 8.645833E-01  8.958333E-01
 8.020833E-01  9.166667E-01
 8.333333E-01  8.854167E-01
 1.458333E-01  7.291667E-02
 8.854167E-01  8.541667E-01
 7.395833E-01  8.958333E-01
 9.166667E-01  8.020833E-01
 9.479167E-01  7.916667E-01
 8.645833E-01  9.166667E-01
 9.166667E-01  8.645833E-01
 9.270833E-01  8.333333E-01
 8.958333E-01  8.645833E-01
 9.791667E-01  8.020833E-01
 9.895833E-01  7.916667E-01
 9.583333E-01  8.645833E-01
 9.270833E-01  8.541667E-01
 9.895833E-01  8.541667E-01
 9.270833E-01  8.958333E-01
 1.979167E-01  2.083333E-02
 9.583333E-01  8.020833E-01
 9.479167E-01  7.708333E-01
 9.583333E-01  8.854167E-01
 9.166667E-01  9.479167E-01
 9.166667E-01  9.270833E-01
 8.958333E-01  9.895833E-01
 8.854167E-01  9.583333E-01
 9.270833E-01  9.583333E-01
 8.645833E-01  9.583333E-01
 9.791667E-01  9.270833E-01
 9.895833E-01  9.166667E-01
 9.583333E-01  9.895833E-01
 9.270833E-01  9.791667E-01
 9.895833E-01  9.791667E-01
 1.145833E-01  1.041667E-01
 1.354167E-01  1.041667E-01
 9.583333E-01  9.270833E-01
 9.270833E-01  9.166667E-01
 1.458333E-01  1.041667E-02
 1.979167E-01  4.166667E-02
 8.958333E-01  8.020833E-01
 8.854167E-01  7.708333E-01
 1.666667E-01  7.291667E-02
 2.604167E-01  2.083333E-02
 7.708333E-01  5.520833E-01
 9.583333E-01  5.104167E-01
 1.354167E-01  2.083333E-02
 2.291667E-01  7.291667E-02
 4.895833E-01  5.208333E-01
 2.291667E-01  1.770833E-01
 7.291667E-02  1.666667E-01
 4.166667E-02  3.020833E-01
 2.083333E-02  3.020833E-01
 8.333333E-02  2.395833E-01
 8.333333E-02  2.604167E-01
 1.041667E-01  3.020833E-01
 8.333333E-02  3.020833E-01
 5.208333E-02  2.916667E-01
 7.291667E-02  2.916667E-01
 7.291667E-02  3.541667E-01
 7.291667E-02  3.333333E-01
 1.041667E-02  4.166667E-01
 2.083333E-02  3.645833E-01
 2.083333E-02  3.854167E-01
 1.041667E-02  4.791667E-01
 4.166667E-02  4.270833E-01
 2.083333E-02  4.270833E-01
 1.041667E-01  3.645833E-01
 8.333333E-02  3.645833E-01
 1.041667E-01  4.270833E-01
 8.333333E-02  4.270833E-01
 5.208333E-02  4.166667E-01
 7.291667E-02  4.166667E-01
 7.291667E-02  4.791667E-01
 7.291667E-02  4.583333E-01
 1.354167E-01  2.916667E-01
 1.354167E-01  2.708333E-01
 1.458333E-01  2.604167E-01
 1.666667E-01  2.604167E-01
 1.145833E-01  3.541667E-01
 1.354167E-01  3.541667E-01
 1.666667E-01  3.020833E-01
 1.458333E-01  3.020833E-01
 2.291667E-01  2.395833E-01
 2.083333E-01  2.395833E-01
 1.770833E-01  2.083333E-01
 1.770833E-01  2.291667E-01
 2.291667E-01  3.020833E-01
 2.083333E-01  3.020833E-01
 1.770833E-01  2.916667E-01
 1.979167E-01  2.916667E-01
 1.979167E-01  3.541667E-01
 1.979167E-01  3.333333E-01
 1.145833E-01  4.166667E-01
 1.354167E-01  4.166667E-01
 1.458333E-01  3.645833E-01
 1.458333E-01  3.854167E-01
 1.354167E-01  4.791667E-01
 1.354167E-01  4.583333E-01
 1.666667E-01  4.270833E-01
 1.458333E-01  4.270833E-01
 2.291667E-01  3.645833E-01
 2.083333E-01  3.645833E-01
 2.291667E-01  4.270833E-01
 2.083333E-01  4.270833E-01
 1.770833E-01  4.166667E-01
 1.979167E-01  4.166667E-01
 1.979167E-01  4.791667E-01
 1.979167E-01  4.583333E-01
 2.604167E-01  2.291667E-01
 2.604167E-01  2.083333E-01
 3.229167E-01  2.083333E-02
 3.020833E-01  2.083333E-02
 2.708333E-01  1.041667E-02
 3.229167E-01  1.041667E-01
 3.229167E-01  8.333333E-02
 2.708333E-01  7.291667E-02
 2.916667E-01  7.291667E-02
 2.916667E-01  1.145833E-01
 2.708333E-01  1.145833E-01
 3.854167E-01  2.083333E-02
 3.645833E-01  2.083333E-02
 3.333333E-01  1.041667E-02
 3.854167E-01  8.333333E-02
 3.645833E-01  8.333333E-02
 3.333333E-01  7.291667E-02
 3.541667E-01  7.291667E-02
 2.708333E-01  1.979167E-01
 2.916667E-01  1.979167E-01
 2.916667E-01  2.604167E-01
 2.916667E-01  2.395833E-01
 3.229167E-01  1.666667E-01
 3.229167E-01  1.458333E-01
 3.333333E-01  1.979167E-01
 3.541667E-01  1.979167E-01
 3.333333E-01  1.145833E-01
 3.333333E-01  1.354167E-01
 3.020833E-01  2.291667E-01
 3.229167E-01  2.291667E-01
 3.541667E-01  2.604167E-01
 3.541667E-01  2.395833E-01
 3.854167E-01  1.666667E-01
 3.854167E-01  1.458333E-01
 4.479167E-01  2.083333E-02
 4.270833E-01  2.083333E-02
 3.958333E-01  1.041667E-02
 4.479167E-01  1.041667E-01
 4.479167E-01  8.333333E-02
 3.958333E-01  7.291667E-02
 4.166667E-01  7.291667E-02
 4.166667E-01  1.145833E-01
 3.958333E-01  1.145833E-01
 5.104167E-01  2.083333E-02
 4.895833E-01  2.083333E-02
 4.583333E-01  1.041667E-02
 5.104167E-01  8.333333E-02
 4.895833E-01  8.333333E-02
 4.583333E-01  7.291667E-02
 4.791667E-01  7.291667E-02
 3.958333E-01  1.979167E-01
 4.166667E-01  1.979167E-01
 3.854167E-01  2.291667E-01
 3.854167E-01  2.083333E-01
 4.479167E-01  1.666667E-01
 4.479167E-01  1.458333E-01
 5.104167E-01  1.458333E-01
 4.895833E-01  1.458333E-01
 4.583333E-01  1.145833E-01
 4.583333E-01  1.354167E-01
 4.583333E-01  1.770833E-01
 4.583333E-01  1.979167E-01
 5.104167E-01  2.083333E-01
 4.895833E-01  2.083333E-01
 4.479167E-01  2.291667E-01
 4.479167E-01  2.083333E-01
 2.916667E-01  3.229167E-01
 2.916667E-01  3.020833E-01
 2.395833E-01  2.916667E-01
 2.604167E-01  2.916667E-01
 3.229167E-01  3.541667E-01
 3.229167E-01  3.333333E-01
 3.020833E-01  2.708333E-01
 3.020833E-01  2.916667E-01
 2.395833E-01  3.541667E-01
 2.604167E-01  3.541667E-01
 3.854167E-01  2.708333E-01
 3.645833E-01  2.708333E-01
 3.854167E-01  3.333333E-01
 3.645833E-01  3.333333E-01
 3.333333E-01  3.229167E-01
 3.541667E-01  3.229167E-01
 2.395833E-01  4.166667E-01
 2.604167E-01  4.166667E-01
 2.708333E-01  3.645833E-01
 2.708333E-01  3.854167E-01
 2.604167E-01  4.791667E-01
 2.604167E-01  4.583333E-01
 2.916667E-01  4.270833E-01
 2.708333E-01  4.270833E-01
 3.333333E-01  3.645833E-01
 3.333333E-01  3.854167E-01
 3.541667E-01  4.270833E-01
 3.333333E-01  4.270833E-01
 3.020833E-01  4.166667E-01
 3.229167E-01  4.166667E-01
 3.229167E-01  4.791667E-01
 3.229167E-01  4.583333E-01
 3.854167E-01  4.166667E-01
 3.854167E-01  3.958333E-01
 4.479167E-01  2.708333E-01
 4.270833E-01  2.708333E-01
 3.958333E-01  2.395833E-01
 3.958333E-01  2.604167E-01
 4.479167E-01  3.541667E-01
 4.479167E-01  3.333333E-01
 3.958333E-01  3.229167E-01
 4.166667E-01  3.229167E-01
 4.166667E-01  3.645833E-01
 3.958333E-01  3.645833E-01
 5.104167E-01  2.708333E-01
 4.895833E-01  2.708333E-01
 4.583333E-01  2.395833E-01
 4.583333E-01  2.604167E-01
 5.104167E-01  3.333333E-01
 4.895833E-01  3.333333E-01
 4.583333E-01  3.229167E-01
 4.791667E-01  3.229167E-01
 3.958333E-01  4.479167E-01
 4.166667E-01  4.479167E-01
 3.854167E-01  4.791667E-01
 3.854167E-01  4.583333E-01
 4.479167E-01  4.166667E-01
 4.479167E-01  3.958333E-01
 5.104167E-01  3.958333E-01
 4.895833E-01  3.958333E-01
 4.583333E-01  3.645833E-01
 4.583333E-01  3.854167E-01
 4.583333E-01  4.270833E-01
 4.583333E-01  4.479167E-01
 4.583333E-01  5.104167E-01
 4.791667E-01  5.104167E-01
 4.479167E-01  4.791667E-01
 4.479167E-01  4.583333E-01
 1.041667E-02  5.416667E-01
 2.083333E-02  4.895833E-01
 2.083333E-02  5.104167E-01
 1.041667E-02  6.041667E-01
 4.166667E-02  5.520833E-01
 2.083333E-02  5.520833E-01
 5.208333E-02  5.416667E-01
 7.291667E-02  5.416667E-01
 8.333333E-02  4.895833E-01
 8.333333E-02  5.104167E-01
 7.291667E-02  6.041667E-01
 7.291667E-02  5.833333E-01
 1.041667E-01  5.520833E-01
 8.333333E-02  5.520833E-01
 1.041667E-02  6.666667E-01
 2.083333E-02  6.145833E-01
 2.083333E-02  6.354167E-01
 1.041667E-02  7.291667E-01
 4.166667E-02  6.979167E-01
 4.166667E-02  6.770833E-01
 5.208333E-02  6.666667E-01
 7.291667E-02  6.666667E-01
 1.041667E-01  6.145833E-01
 8.333333E-02  6.145833E-01
 7.291667E-02  7.083333E-01
 5.208333E-02  7.083333E-01
 4.166667E-02  7.604167E-01
 4.166667E-02  7.395833E-01
 1.041667E-01  6.979167E-01
 1.041667E-01  6.770833E-01
 1.145833E-01  5.416667E-01
 1.354167E-01  5.416667E-01
 1.458333E-01  4.895833E-01
 1.458333E-01  5.104167E-01
 1.145833E-01  6.041667E-01
 1.354167E-01  6.041667E-01
 1.666667E-01  5.520833E-01
 1.458333E-01  5.520833E-01
 1.770833E-01  5.416667E-01
 1.979167E-01  5.416667E-01
 2.083333E-01  4.895833E-01
 2.083333E-01  5.104167E-01
 1.979167E-01  6.041667E-01
 1.979167E-01  5.833333E-01
 2.291667E-01  5.520833E-01
 2.083333E-01  5.520833E-01
 1.145833E-01  6.666667E-01
 1.354167E-01  6.666667E-01
 1.458333E-01  6.145833E-01
 1.458333E-01  6.354167E-01
 1.354167E-01  7.291667E-01
 1.354167E-01  7.083333E-01
 1.666667E-01  6.979167E-01
 1.666667E-01  6.770833E-01
 1.770833E-01  6.666667E-01
 1.979167E-01  6.666667E-01
 2.291667E-01  6.145833E-01
 2.083333E-01  6.145833E-01
 1.979167E-01  7.291667E-01
 1.979167E-01  7.083333E-01
 2.291667E-01  6.770833E-01
 2.083333E-01  6.770833E-01
 1.041667E-01  7.604167E-01
 1.041667E-01  7.395833E-01
 4.166667E-02  8.020833E-01
 2.083333E-02  8.020833E-01
 1.041667E-02  7.916667E-01
 4.166667E-02  8.854167E-01
 4.166667E-02  8.645833E-01
 1.041667E-02  8.541667E-01
 8.333333E-02  8.229167E-01
 1.041667E-01  8.229167E-01
 7.291667E-02  7.916667E-01
 7.291667E-02  7.708333E-01
 7.291667E-02  8.541667E-01
 7.291667E-02  8.333333E-01
 8.333333E-02  8.854167E-01
 1.041667E-01  8.854167E-01
 4.166667E-02  9.270833E-01
 2.083333E-02  9.270833E-01
 1.041667E-02  9.166667E-01
 4.166667E-02  9.895833E-01
 1.041667E-02  9.791667E-01
 5.208333E-02  9.166667E-01
 7.291667E-02  9.166667E-01
 5.208333E-02  9.791667E-01
 7.291667E-02  9.791667E-01
 1.041667E-01  9.270833E-01
 8.333333E-02  9.270833E-01
 1.041667E-01  9.895833E-01
 1.354167E-01  7.916667E-01
 1.354167E-01  7.708333E-01
 1.666667E-01  8.020833E-01
 1.458333E-01  8.020833E-01
 1.666667E-01  8.854167E-01
 1.666667E-01  8.645833E-01
 1.145833E-01  8.541667E-01
 1.354167E-01  8.541667E-01
 1.770833E-01  7.916667E-01
 1.979167E-01  7.916667E-01
 2.291667E-01  7.395833E-01
 2.083333E-01  7.395833E-01
 1.979167E-01  8.541667E-01
 1.979167E-01  8.333333E-01
 2.291667E-01  8.020833E-01
 2.083333E-01  8.020833E-01
 1.458333E-01  7.395833E-01
 1.458333E-01  7.604167E-01
 1.666667E-01  9.270833E-01
 1.458333E-01  9.270833E-01
 1.145833E-01  9.166667E-01
 1.354167E-01  9.166667E-01
 1.666667E-01  9.895833E-01
 1.145833E-01  9.791667E-01
 1.354167E-01  9.791667E-01
 1.770833E-01  9.166667E-01
 1.979167E-01  9.166667E-01
 2.291667E-01  8.645833E-01
 2.083333E-01  8.645833E-01
 1.770833E-01  9.791667E-01
 1.979167E-01  9.791667E-01
 2.291667E-01  9.270833E-01
 2.083333E-01  9.270833E-01
 2.291667E-01  9.895833E-01
 2.395833E-01  5.416667E-01
 2.604167E-01  5.416667E-01
 2.708333E-01  4.895833E-01
 2.708333E-01  5.104167E-01
 2.395833E-01  6.041667E-01
 2.604167E-01  6.041667E-01
 2.916667E-01  5.520833E-01
 2.708333E-01  5.520833E-01
 3.020833E-01  5.416667E-01
 3.229167E-01  5.416667E-01
 3.333333E-01  4.895833E-01
 3.333333E-01  5.104167E-01
 3.229167E-01  6.041667E-01
 3.229167E-01  5.833333E-01
 3.541667E-01  5.520833E-01
 3.333333E-01  5.520833E-01
 2.395833E-01  6.666667E-01
 2.604167E-01  6.666667E-01
 2.708333E-01  6.145833E-01
 2.708333E-01  6.354167E-01
 2.604167E-01  7.083333E-01
 2.395833E-01  7.083333E-01
 2.916667E-01  6.979167E-01
 2.916667E-01  6.770833E-01
 3.020833E-01  6.666667E-01
 3.229167E-01  6.666667E-01
 3.541667E-01  6.145833E-01
 3.333333E-01  6.145833E-01
 3.229167E-01  7.083333E-01
 3.020833E-01  7.083333E-01
 2.916667E-01  7.604167E-01
 2.916667E-01  7.395833E-01
 3.541667E-01  6.979167E-01
 3.541667E-01  6.770833E-01
 3.645833E-01  5.416667E-01
 3.854167E-01  5.416667E-01
 3.958333E-01  4.895833E-01
 3.958333E-01  5.104167E-01
 3.645833E-01  6.041667E-01
 3.854167E-01  6.041667E-01
 4.166667E-01  5.520833E-01
 3.958333E-01  5.520833E-01
 4.270833E-01  5.416667E-01
 4.479167E-01  5.416667E-01
 4.479167E-01  6.041667E-01
 4.479167E-01  5.833333E-01
 4.791667E-01  5.520833E-01
 4.583333E-01  5.520833E-01
 3.645833E-01  6.666667E-01
 3.854167E-01  6.666667E-01
 3.958333E-01  6.145833E-01
 3.958333E-01  6.354167E-01
 3.854167E-01  7.291667E-01
 3.854167E-01  7.083333E-01
 4.166667E-01  6.979167E-01
 4.166667E-01  6.770833E-01
 4.270833E-01  6.666667E-01
 4.479167E-01  6.666667E-01
 4.791667E-01  6.145833E-01
 4.583333E-01  6.145833E-01
 4.479167E-01  7.291667E-01
 4.479167E-01  7.083333E-01
 4.791667E-01  6.770833E-01
 4.583333E-01  6.770833E-01
 3.541667E-01  7.604167E-01
 3.541667E-01  7.395833E-01
 2.916667E-01  8.020833E-01
 2.708333E-01  8.020833E-01
 2.395833E-01  7.916667E-01
 2.604167E-01  7.916667E-01
 2.916667E-01  8.854167E-01
 2.916667E-01  8.645833E-01
 2.395833E-01  8.541667E-01
 2.604167E-01  8.541667E-01
 3.333333E-01  8.229167E-01
 3.541667E-01  8.229167E-01
 3.229167E-01  7.916667E-01
 3.229167E-01  7.708333E-01
 3.229167E-01  8.541667E-01
 3.229167E-01  8.333333E-01
 3.333333E-01  8.854167E-01
 3.541667E-01  8.854167E-01
 2.916667E-01  9.270833E-01
 2.708333E-01  9.270833E-01
 2.395833E-01  9.166667E-01
 2.604167E-01  9.166667E-01
 2.916667E-01  9.895833E-01
 2.395833E-01  9.791667E-01
 2.604167E-01  9.791667E-01
 3.020833E-01  9.166667E-01
 3.229167E-01  9.166667E-01
 3.020833E-01  9.791667E-01
 3.229167E-01  9.791667E-01
 3.541667E-01  9.270833E-01
 3.333333E-01  9.270833E-01
 3.541667E-01  9.895833E-01
 3.854167E-01  7.916667E-01
 3.854167E-01  7.708333E-01
 4.166667E-01  8.020833E-01
 3.958333E-01  8.020833E-01
 4.166667E-01  8.854167E-01
 4.166667E-01  8.645833E-01
 3.645833E-01  8.541667E-01
 3.854167E-01  8.541667E-01
 4.270833E-01  7.916667E-01
 4.479167E-01  7.916667E-01
 4.791667E-01  7.395833E-01
 4.583333E-01  7.395833E-01
 4.479167E-01  8.541667E-01
 4.479167E-01  8.333333E-01
 4.791667E-01  8.020833E-01
 4.583333E-01  8.020833E-01
 3.958333E-01  7.395833E-01
 3.958333E-01  7.604167E-01
 4.166667E-01  9.270833E-01
 3.958333E-01  9.270833E-01
 3.645833E-01  9.166667E-01
 3.854167E-01  9.166667E-01
 4.166667E-01  9.895833E-01
 3.645833E-01  9.791667E-01
 3.854167E-01  9.791667E-01
 4.270833E-01  9.166667E-01
 4.479167E-01  9.166667E-01
 4.791667E-01  8.645833E-01
 4.583333E-01  8.645833E-01
 4.270833E-01  9.791667E-01
 4.479167E-01  9.791667E-01
 4.791667E-01  9.270833E-01
 4.583333E-01  9.270833E-01
 4.791667E-01  9.895833E-01
 5.104167E-01  4.791667E-01
 5.104167E-01  4.583333E-01
 5.729167E-01  2.083333E-02
 5.520833E-01  2.083333E-02
 5.208333E-01  1.041667E-02
 5.729167E-01  1.041667E-01
 5.729167E-01  8.333333E-02
 5.208333E-01  7.291667E-02
 5.416667E-01  7.291667E-02
 5.416667E-01  1.145833E-01
 5.208333E-01  1.145833E-01
 6.354167E-01  2.083333E-02
 6.145833E-01  2.083333E-02
 5.833333E-01  1.041667E-02
 6.354167E-01  8.333333E-02
 6.145833E-01  8.333333E-02
 5.833333E-01  7.291667E-02
 6.041667E-01  7.291667E-02
 5.729167E-01  1.458333E-01
 5.520833E-01  1.458333E-01
 5.729167E-01  2.291667E-01
 5.729167E-01  2.083333E-01
 5.208333E-01  1.979167E-01
 5.416667E-01  1.979167E-01
 5.416667E-01  2.395833E-01
 5.208333E-01  2.395833E-01
 6.354167E-01  1.458333E-01
 6.145833E-01  1.458333E-01
 5.833333E-01  1.145833E-01
 5.833333E-01  1.354167E-01
 6.041667E-01  2.604167E-01
 6.041667E-01  2.395833E-01
 5.833333E-01  1.979167E-01
 6.041667E-01  1.979167E-01
 6.354167E-01  2.291667E-01
 6.354167E-01  2.083333E-01
 6.979167E-01  2.083333E-02
 6.770833E-01  2.083333E-02
 6.458333E-01  1.041667E-02
 6.979167E-01  1.041667E-01
 6.979167E-01  8.333333E-02
 6.458333E-01  7.291667E-02
 6.666667E-01  7.291667E-02
 6.666667E-01  1.145833E-01
 6.458333E-01  1.145833E-01
 7.604167E-01  2.083333E-02
 7.395833E-01  2.083333E-02
 7.083333E-01  1.041667E-02
 7.604167E-01  8.333333E-02
 7.395833E-01  8.333333E-02
 7.083333E-01  7.291667E-02
 7.291667E-01  7.291667E-02
 6.458333E-01  1.979167E-01
 6.666667E-01  1.979167E-01
 6.666667E-01  2.604167E-01
 6.666667E-01  2.395833E-01
 6.979167E-01  1.666667E-01
 6.979167E-01  1.458333E-01
 7.604167E-01  1.458333E-01
 7.395833E-01  1.458333E-01
 7.083333E-01  1.145833E-01
 7.083333E-01  1.354167E-01
 7.083333E-01  1.770833E-01
 7.083333E-01  1.979167E-01
 7.604167E-01  2.083333E-01
 7.395833E-01  2.083333E-01
 6.979167E-01  2.291667E-01
 6.979167E-01  2.083333E-01
 5.208333E-01  3.229167E-01
 5.416667E-01  3.229167E-01
 5.520833E-01  2.708333E-01
 5.520833E-01  2.916667E-01
 5.208333E-01  3.854167E-01
 5.416667E-01  3.854167E-01
 5.729167E-01  3.333333E-01
 5.520833E-01  3.333333E-01
 5.833333E-01  3.229167E-01
 6.041667E-01  3.229167E-01
 6.145833E-01  2.708333E-01
 6.145833E-01  2.916667E-01
 6.041667E-01  3.854167E-01
 6.041667E-01  3.645833E-01
 6.354167E-01  3.333333E-01
 6.145833E-01  3.333333E-01
 5.208333E-01  4.479167E-01
 5.416667E-01  4.479167E-01
 5.520833E-01  3.958333E-01
 5.520833E-01  4.166667E-01
 5.416667E-01  5.104167E-01
 5.416667E-01  4.895833E-01
 5.729167E-01  4.791667E-01
 5.729167E-01  4.583333E-01
 5.833333E-01  4.479167E-01
 6.041667E-01  4.479167E-01
 6.354167E-01  3.958333E-01
 6.145833E-01  3.958333E-01
 6.041667E-01  5.104167E-01
 6.041667E-01  4.895833E-01
 6.354167E-01  4.583333E-01
 6.145833E-01  4.583333E-01
 6.979167E-01  2.708333E-01
 6.770833E-01  2.708333E-01
 6.979167E-01  3.541667E-01
 6.979167E-01  3.333333E-01
 6.458333E-01  3.229167E-01
 6.666667E-01  3.229167E-01
 7.604167E-01  2.708333E-01
 7.395833E-01  2.708333E-01
 7.083333E-01  2.395833E-01
 7.083333E-01  2.604167E-01
 7.604167E-01  3.333333E-01
 7.395833E-01  3.333333E-01
 7.083333E-01  3.229167E-01
 7.291667E-01  3.229167E-01
 6.979167E-01  3.958333E-01
 6.770833E-01  3.958333E-01
 6.458333E-01  3.854167E-01
 6.666667E-01  3.854167E-01
 6.979167E-01  4.791667E-01
 6.979167E-01  4.583333E-01
 6.458333E-01  4.479167E-01
 6.666667E-01  4.479167E-01
 7.604167E-01  3.958333E-01
 7.395833E-01  3.958333E-01
 7.083333E-01  3.645833E-01
 7.083333E-01  3.854167E-01
 7.291667E-01  5.104167E-01
 7.291667E-01  4.895833E-01
 7.083333E-01  4.479167E-01
 7.291667E-01  4.479167E-01
 7.604167E-01  4.791667E-01
 7.604167E-01  4.583333E-01
 6.666667E-01  5.104167E-01
 6.666667E-01  4.895833E-01
 8.229167E-01  2.083333E-02
 8.020833E-01  2.083333E-02
 7.708333E-01  1.041667E-02
 8.229167E-01  1.041667E-01
 8.229167E-01  8.333333E-02
 7.708333E-01  7.291667E-02
 7.916667E-01  7.291667E-02
 7.916667E-01  1.145833E-01
 7.708333E-01  1.145833E-01
 8.854167E-01  2.083333E-02
 8.645833E-01  2.083333E-02
 8.333333E-01  1.041667E-02
 8.854167E-01  8.333333E-02
 8.645833E-01  8.333333E-02
 8.333333E-01  7.291667E-02
 8.541667E-01  7.291667E-02
 8.229167E-01  1.458333E-01
 8.020833E-01  1.458333E-01
 8.229167E-01  2.291667E-01
 8.229167E-01  2.083333E-01
 7.708333E-01  1.979167E-01
 7.916667E-01  1.979167E-01
 7.916667E-01  2.395833E-01
 7.708333E-01  2.395833E-01
 8.854167E-01  1.458333E-01
 8.645833E-01  1.458333E-01
 8.333333E-01  1.145833E-01
 8.333333E-01  1.354167E-01
 8.541667E-01  2.604167E-01
 8.541667E-01  2.395833E-01
 8.333333E-01  1.979167E-01
 8.541667E-01  1.979167E-01
 8.854167E-01  2.291667E-01
 8.854167E-01  2.083333E-01
 9.479167E-01  2.083333E-02
 9.270833E-01  2.083333E-02
 8.958333E-01  1.041667E-02
 9.479167E-01  1.041667E-01
 9.479167E-01  8.333333E-02
 8.958333E-01  7.291667E-02
 9.166667E-01  7.291667E-02
 9.166667E-01  1.145833E-01
 8.958333E-01  1.145833E-01
 9.895833E-01  2.083333E-02
 9.583333E-01  1.041667E-02
 9.895833E-01  8.333333E-02
 9.583333E-01  7.291667E-02
 9.791667E-01  7.291667E-02
 8.958333E-01  1.979167E-01
 9.166667E-01  1.979167E-01
 9.166667E-01  2.604167E-01
 9.166667E-01  2.395833E-01
 9.479167E-01  1.666667E-01
 9.479167E-01  1.458333E-01
 9.895833E-01  1.458333E-01
 9.583333E-01  1.145833E-01
 9.583333E-01  1.354167E-01
 9.583333E-01  1.770833E-01
 9.583333E-01  1.979167E-01
 9.895833E-01  2.083333E-01
 9.479167E-01  2.291667E-01
 9.479167E-01  2.083333E-01
 7.708333E-01  3.229167E-01
 7.916667E-01  3.229167E-01
 8.020833E-01  2.708333E-01
 8.020833E-01  2.916667E-01
 7.708333E-01  3.854167E-01
 7.916667E-01  3.854167E-01
 8.229167E-01  3.333333E-01
 8.020833E-01  3.333333E-01
 8.333333E-01  3.229167E-01
 8.541667E-01  3.229167E-01
 8.645833E-01  2.708333E-01
 8.645833E-01  2.916667E-01
 8.541667E-01  3.854167E-01
 8.541667E-01  3.645833E-01
 8.854167E-01  3.333333E-01
 8.645833E-01  3.333333E-01
 7.708333E-01  4.479167E-01
 7.916667E-01  4.479167E-01
 8.020833E-01  3.958333E-01
 8.020833E-01  4.166667E-01
 7.916667E-01  5.104167E-01
 7.916667E-01  4.895833E-01
 8.229167E-01  4.791667E-01
 8.229167E-01  4.583333E-01
 8.333333E-01  4.479167E-01
 8.541667E-01  4.479167E-01
 8.854167E-01  3.958333E-01
 8.645833E-01  3.958333E-01
 8.541667E-01  5.104167E-01
 8.541667E-01  4.895833E-01
 8.854167E-01  4.583333E-01
 8.645833E-01  4.583333E-01
 9.479167E-01  2.708333E-01
 9.270833E-01  2.708333E-01
 9.479167E-01  3.541667E-01
 9.479167E-01  3.333333E-01
 8.958333E-01  3.229167E-01
 9.166667E-01  3.229167E-01
 9.895833E-01  2.708333E-01
 9.583333E-01  2.395833E-01
 9.583333E-01  2.604167E-01
 9.895833E-01  3.333333E-01
 9.583333E-01  3.229167E-01
 9.791667E-01  3.229167E-01
 9.479167E-01  3.958333E-01
 9.270833E-01  3.958333E-01
 8.958333E-01  3.854167E-01
 9.166667E-01  3.854167E-01
 9.479167E-01  4.791667E-01
 9.479167E-01  4.583333E-01
 8.958333E-01  4.479167E-01
 9.166667E-01  4.479167E-01
 9.895833E-01  3.958333E-01
 9.583333E-01  3.645833E-01
 9.583333E-01  3.854167E-01
 9.791667E-01  5.104167E-01
 9.791667E-01  4.895833E-01
 9.583333E-01  4.479167E-01
 9.791667E-01  4.479167E-01
 9.895833E-01  4.583333E-01
 9.166667E-01  5.104167E-01
 9.166667E-01  4.895833E-01
 5.416667E-01  5.520833E-01
 5.208333E-01  5.520833E-01
 4.895833E-01  5.416667E-01
 5.104167E-01  5.416667E-01
 5.416667E-01  6.354167E-01
 5.416667E-01  6.145833E-01
 4.895833E-01  6.041667E-01
 5.104167E-01  6.041667E-01
 6.041667E-01  5.729167E-01
 6.041667E-01  5.520833E-01
 5.520833E-01  5.208333E-01
 5.520833E-01  5.416667E-01
 5.833333E-01  6.354167E-01
 6.041667E-01  6.354167E-01
 6.145833E-01  5.208333E-01
 6.145833E-01  5.416667E-01
 5.729167E-01  6.041667E-01
 5.729167E-01  5.833333E-01
 5.416667E-01  6.770833E-01
 5.208333E-01  6.770833E-01
 4.895833E-01  6.666667E-01
 5.104167E-01  6.666667E-01
 5.416667E-01  7.604167E-01
 5.416667E-01  7.395833E-01
 4.895833E-01  7.291667E-01
 5.104167E-01  7.291667E-01
 5.520833E-01  6.666667E-01
 5.729167E-01  6.666667E-01
 5.520833E-01  7.291667E-01
 5.729167E-01  7.291667E-01
 6.041667E-01  6.770833E-01
 5.833333E-01  6.770833E-01
 6.041667E-01  7.604167E-01
 6.041667E-01  7.395833E-01
 6.354167E-01  6.041667E-01
 6.354167E-01  5.833333E-01
 6.458333E-01  5.729167E-01
 6.666667E-01  5.729167E-01
 6.770833E-01  5.208333E-01
 6.770833E-01  5.416667E-01
 6.666667E-01  6.354167E-01
 6.666667E-01  6.145833E-01
 6.979167E-01  6.041667E-01
 6.979167E-01  5.833333E-01
 7.083333E-01  5.729167E-01
 7.291667E-01  5.729167E-01
 7.395833E-01  5.208333E-01
 7.395833E-01  5.416667E-01
 7.291667E-01  6.354167E-01
 7.291667E-01  6.145833E-01
 7.604167E-01  5.833333E-01
 7.395833E-01  5.833333E-01
 6.666667E-01  6.770833E-01
 6.458333E-01  6.770833E-01
 6.145833E-01  6.666667E-01
 6.354167E-01  6.666667E-01
 6.666667E-01  7.604167E-01
 6.666667E-01  7.395833E-01
 6.145833E-01  7.291667E-01
 6.354167E-01  7.291667E-01
 7.604167E-01  6.458333E-01
 7.395833E-01  6.458333E-01
 6.979167E-01  6.666667E-01
 6.979167E-01  6.458333E-01
 7.083333E-01  6.770833E-01
 7.083333E-01  6.979167E-01
 7.604167E-01  7.083333E-01
 7.395833E-01  7.083333E-01
 6.979167E-01  7.291667E-01
 6.979167E-01  7.083333E-01
 5.416667E-01  8.020833E-01
 5.208333E-01  8.020833E-01
 4.895833E-01  7.916667E-01
 5.104167E-01  7.916667E-01
 5.416667E-01  8.854167E-01
 5.416667E-01  8.645833E-01
 4.895833E-01  8.541667E-01
 5.104167E-01  8.541667E-01
 6.041667E-01  8.229167E-01
 6.041667E-01  8.020833E-01
 5.520833E-01  7.708333E-01
 5.520833E-01  7.916667E-01
 5.833333E-01  8.854167E-01
 6.041667E-01  8.854167E-01
 6.145833E-01  7.708333E-01
 6.145833E-01  7.916667E-01
 5.729167E-01  8.541667E-01
 5.729167E-01  8.333333E-01
 5.416667E-01  9.270833E-01
 5.208333E-01  9.270833E-01
 4.895833E-01  9.166667E-01
 5.104167E-01  9.166667E-01
 5.416667E-01  9.895833E-01
 4.895833E-01  9.791667E-01
 5.104167E-01  9.791667E-01
 5.520833E-01  9.166667E-01
 5.729167E-01  9.166667E-01
 5.520833E-01  9.791667E-01
 5.729167E-01  9.791667E-01
 6.041667E-01  9.270833E-01
 5.833333E-01  9.270833E-01
 6.041667E-01  9.895833E-01
 6.354167E-01  8.541667E-01
 6.354167E-01  8.333333E-01
 6.458333E-01  8.229167E-01
 6.666667E-01  8.229167E-01
 6.666667E-01  8.854167E-01
 6.666667E-01  8.645833E-01
 6.979167E-01  7.916667E-01
 6.979167E-01  7.708333E-01
 7.083333E-01  8.229167E-01
 7.291667E-01  8.229167E-01
 7.083333E-01  7.395833E-01
 7.083333E-01  7.604167E-01
 6.979167E-01  8.541667E-01
 6.979167E-01  8.333333E-01
 7.083333E-01  8.854167E-01
 7.291667E-01  8.854167E-01
 6.666667E-01  9.270833E-01
 6.458333E-01  9.270833E-01
 6.145833E-01  9.166667E-01
 6.354167E-01  9.166667E-01
 6.666667E-01  9.895833E-01
 6.145833E-01  9.791667E-01
 6.354167E-01  9.791667E-01
 6.770833E-01  9.166667E-01
 6.979167E-01  9.166667E-01
 6.770833E-01  9.791667E-01
 6.979167E-01  9.791667E-01
 7.291667E-01  9.270833E-01
 7.083333E-01  9.270833E-01
 7.291667E-01  9.895833E-01
 7.604167E-01  7.916667E-01
 7.604167E-01  7.708333E-01
 7.708333E-01  5.729167E-01
 7.916667E-01  5.729167E-01
 8.020833E-01  5.208333E-01
 8.020833E-01  5.416667E-01
 7.708333E-01  6.354167E-01
 7.916667E-01  6.354167E-01
 8.229167E-01  5.833333E-01
 8.020833E-01  5.833333E-01
 8.333333E-01  5.729167E-01
 8.541667E-01  5.729167E-01
 8.645833E-01  5.208333E-01
 8.645833E-01  5.416667E-01
 8.541667E-01  6.354167E-01
 8.541667E-01  6.145833E-01
 8.854167E-01  5.833333E-01
 8.645833E-01  5.833333E-01
 7.708333E-01  6.979167E-01
 7.916667E-01  6.979167E-01
 8.020833E-01  6.458333E-01
 8.020833E-01  6.666667E-01
 7.708333E-01  7.604167E-01
 7.916667E-01  7.604167E-01
 8.229167E-01  7.291667E-01
 8.229167E-01  7.083333E-01
 8.333333E-01  6.979167E-01
 8.541667E-01  6.979167E-01
 8.854167E-01  6.458333E-01
 8.645833E-01  6.458333E-01
 8.541667E-01  7.604167E-01
 8.541667E-01  7.395833E-01
 8.854167E-01  7.083333E-01
 8.645833E-01  7.083333E-01
 8.229167E-01  7.916667E-01
 8.229167E-01  7.708333E-01
 8.958333E-01  5.729167E-01
 9.166667E-01  5.729167E-01
 9.270833E-01  5.208333E-01
 9.270833E-01  5.416667E-01
 8.958333E-01  6.354167E-01
 9.166667E-01  6.354167E-01
 9.479167E-01  5.833333E-01
 9.270833E-01  5.833333E-01
 9.895833E-01  5.208333E-01
 9.895833E-01  5.833333E-01
 9.583333E-01  5.729167E-01
 9.791667E-01  5.729167E-01
 9.791667E-01  6.354167E-01
 9.791667E-01  6.145833E-01
 8.958333E-01  6.979167E-01
 9.166667E-01  6.979167E-01
 9.270833E-01  6.458333E-01
 9.270833E-01  6.666667E-01
 9.166667E-01  7.604167E-01
 9.166667E-01  7.395833E-01
 9.479167E-01  7.083333E-01
 9.270833E-01  7.083333E-01
 9.895833E-01  6.458333E-01
 9.895833E-01  7.083333E-01
 9.583333E-01  6.979167E-01
 9.791667E-01  6.979167E-01
 9.791667E-01  7.604167E-01
 9.791667E-01  7.395833E-01
 7.708333E-01  8.020833E-01
 7.708333E-01  8.229167E-01
 7.916667E-01  8.854167E-01
 7.916667E-01  8.645833E-01
 7.395833E-01  8.541667E-01
 7.604167E-01  8.541667E-01
 8.229167E-01  8.541667E-01
 8.229167E-01  8.333333E-01
 8.333333E-01  8.229167E-01
 8.541667E-01  8.229167E-01
 8.645833E-01  7.708333E-01
 8.645833E-01  7.916667E-01
 8.541667E-01  8.854167E-01
 8.541667E-01  8.645833E-01
 8.854167E-01  8.333333E-01
 8.645833E-01  8.333333E-01
 7.916667E-01  9.270833E-01
 7.708333E-01  9.270833E-01
 7.395833E-01  9.166667E-01
 7.604167E-01  9.166667E-01
 7.916667E-01  9.895833E-01
 7.395833E-01  9.791667E-01
 7.604167E-01  9.791667E-01
 8.333333E-01  9.479167E-01
 8.541667E-01  9.479167E-01
 8.229167E-01  9.166667E-01
 8.229167E-01  8.958333E-01
 8.020833E-01  9.791667E-01
 8.229167E-01  9.791667E-01
 8.541667E-01  9.895833E-01
 8.854167E-01  9.166667E-01
 8.854167E-01  8.958333E-01
 8.958333E-01  8.229167E-01
 9.166667E-01  8.229167E-01
 9.270833E-01  7.708333E-01
 9.270833E-01  7.916667E-01
 8.958333E-01  8.854167E-01
 9.166667E-01  8.854167E-01
 9.479167E-01  8.541667E-01
 9.479167E-01  8.333333E-01
 9.583333E-01  8.229167E-01
 9.791667E-01  8.229167E-01
 9.895833E-01  7.708333E-01
 9.791667E-01  8.854167E-01
 9.791667E-01  8.645833E-01
 9.895833E-01  8.333333E-01
 9.479167E-01  9.166667E-01
 9.479167E-01  8.958333E-01
 8.958333E-01  9.270833E-01
 8.958333E-01  9.479167E-01
 9.166667E-01  9.895833E-01
 8.645833E-01  9.791667E-01
 8.854167E-01  9.791667E-01
 9.479167E-01  9.791667E-01
 9.479167E-01  9.583333E-01
 9.583333E-01  9.479167E-01
 9.791667E-01  9.479167E-01
 9.895833E-01  8.958333E-01
 9.791667E-01  9.895833E-01
 9.895833E-01  9.583333E-01
