 Le tableau ci dessous contient les informations sur les centres:
 Le nombre de centres: nbt
 les composantes des centres
 nbt  
 4.166667E-02  1.250000E-01
 3.750000E-01  5.416667E-01
 1.250000E-01  2.083333E-01
 2.083333E-01  1.250000E-01
 4.583333E-01  1.250000E-01
 3.750000E-01  4.166667E-02
 5.416667E-01  1.250000E-01
 2.916667E-01  3.750000E-01
 4.583333E-01  6.250000E-01
 1.250000E-01  2.916667E-01
 2.916667E-01  1.250000E-01
 4.166667E-02  6.250000E-01
 4.166667E-02  8.750000E-01
 3.750000E-01  2.083333E-01
 1.250000E-01  7.083333E-01
 2.916667E-01  6.250000E-01
 2.916667E-01  8.750000E-01
 1.250000E-01  9.583333E-01
 4.166667E-02  3.750000E-01
 7.083333E-01  1.250000E-01
 3.750000E-01  4.583333E-01
 1.250000E-01  4.166667E-02
 5.416667E-01  3.750000E-01
 6.250000E-01  2.083333E-01
 7.916667E-01  1.250000E-01
 6.250000E-01  4.583333E-01
 7.916667E-01  3.750000E-01
 8.750000E-01  2.083333E-01
 1.250000E-01  5.416667E-01
 8.750000E-01  4.583333E-01
 2.083333E-01  8.750000E-01
 6.250000E-01  5.416667E-01
 5.416667E-01  8.750000E-01
 5.416667E-01  6.250000E-01
 6.250000E-01  9.583333E-01
 3.750000E-01  9.583333E-01
 7.916667E-01  8.750000E-01
 2.083333E-01  3.750000E-01
 3.750000E-01  2.916667E-01
 8.750000E-01  9.583333E-01
 1.250000E-01  4.583333E-01
 9.583333E-01  6.250000E-01
 8.750000E-01  5.416667E-01
 4.583333E-01  3.750000E-01
 2.083333E-01  6.250000E-01
 3.750000E-01  7.083333E-01
 1.250000E-01  7.916667E-01
 6.250000E-01  4.166667E-02
 4.583333E-01  8.750000E-01
 3.750000E-01  7.916667E-01
 7.083333E-01  3.750000E-01
 6.250000E-01  2.916667E-01
 9.583333E-01  1.250000E-01
 8.750000E-01  4.166667E-02
 9.583333E-01  3.750000E-01
 8.750000E-01  2.916667E-01
 6.250000E-01  7.083333E-01
 7.083333E-01  6.250000E-01
 7.083333E-01  8.750000E-01
 6.250000E-01  7.916667E-01
 9.583333E-01  8.750000E-01
 8.750000E-01  7.916667E-01
 7.916667E-01  6.250000E-01
 8.750000E-01  7.083333E-01
