 Le tableau ci dessous contient les informations sur les sommets:
 Le nombre de sommets: nbs
 les composantes des sommets
 nbs 
0.000000E+00 0.000000E+00
0.000000E+00 1.000000E+00
1.000000E+00 1.000000E+00
1.000000E+00 0.000000E+00
5.000000E-01 5.000000E-01
0.000000E+00 5.000000E-01
1.000000E+00 5.000000E-01
5.000000E-01 0.000000E+00
5.000000E-01 1.000000E+00
2.500000E-01 2.500000E-01
2.500000E-01 7.500000E-01
7.500000E-01 2.500000E-01
7.500000E-01 7.500000E-01
2.500000E-01 0.000000E+00
2.500000E-01 5.000000E-01
0.000000E+00 2.500000E-01
0.000000E+00 7.500000E-01
2.500000E-01 1.000000E+00
5.000000E-01 2.500000E-01
7.500000E-01 5.000000E-01
7.500000E-01 0.000000E+00
1.000000E+00 2.500000E-01
7.500000E-01 1.000000E+00
5.000000E-01 7.500000E-01
1.000000E+00 7.500000E-01
1.250000E-01 1.250000E-01
3.750000E-01 1.250000E-01
6.250000E-01 1.250000E-01
3.750000E-01 3.750000E-01
1.250000E-01 3.750000E-01
1.250000E-01 6.250000E-01
1.250000E-01 8.750000E-01
3.750000E-01 6.250000E-01
3.750000E-01 8.750000E-01
6.250000E-01 3.750000E-01
8.750000E-01 1.250000E-01
8.750000E-01 3.750000E-01
6.250000E-01 6.250000E-01
6.250000E-01 8.750000E-01
8.750000E-01 8.750000E-01
8.750000E-01 6.250000E-01
1.250000E-01 0.000000E+00
1.250000E-01 2.500000E-01
0.000000E+00 1.250000E-01
0.000000E+00 3.750000E-01
2.500000E-01 1.250000E-01
5.000000E-01 1.250000E-01
3.750000E-01 0.000000E+00
3.750000E-01 2.500000E-01
3.750000E-01 5.000000E-01
2.500000E-01 3.750000E-01
0.000000E+00 6.250000E-01
1.250000E-01 5.000000E-01
0.000000E+00 8.750000E-01
1.250000E-01 7.500000E-01
1.250000E-01 1.000000E+00
2.500000E-01 6.250000E-01
2.500000E-01 8.750000E-01
3.750000E-01 7.500000E-01
3.750000E-01 1.000000E+00
5.000000E-01 3.750000E-01
7.500000E-01 1.250000E-01
6.250000E-01 0.000000E+00
6.250000E-01 5.000000E-01
6.250000E-01 2.500000E-01
7.500000E-01 3.750000E-01
1.000000E+00 1.250000E-01
8.750000E-01 0.000000E+00
8.750000E-01 5.000000E-01
8.750000E-01 2.500000E-01
1.000000E+00 3.750000E-01
6.250000E-01 7.500000E-01
5.000000E-01 6.250000E-01
6.250000E-01 1.000000E+00
5.000000E-01 8.750000E-01
7.500000E-01 8.750000E-01
7.500000E-01 6.250000E-01
1.000000E+00 6.250000E-01
8.750000E-01 7.500000E-01
8.750000E-01 1.000000E+00
1.000000E+00 8.750000E-01
6.250000E-02 6.250000E-02
1.875000E-01 6.250000E-02
6.250000E-02 1.875000E-01
6.250000E-02 3.125000E-01
1.875000E-01 3.125000E-01
1.875000E-01 1.875000E-01
6.250000E-02 4.375000E-01
3.125000E-01 6.250000E-02
3.125000E-01 1.875000E-01
4.375000E-01 6.250000E-02
5.625000E-01 6.250000E-02
4.375000E-01 1.875000E-01
3.125000E-01 3.125000E-01
4.375000E-01 3.125000E-01
5.625000E-01 3.125000E-01
4.375000E-01 4.375000E-01
3.125000E-01 4.375000E-01
5.625000E-01 1.875000E-01
1.875000E-01 4.375000E-01
6.250000E-02 5.625000E-01
6.250000E-02 6.875000E-01
1.875000E-01 5.625000E-01
6.250000E-02 9.375000E-01
6.250000E-02 8.125000E-01
1.875000E-01 8.125000E-01
1.875000E-01 9.375000E-01
1.875000E-01 6.875000E-01
3.125000E-01 5.625000E-01
3.125000E-01 6.875000E-01
4.375000E-01 5.625000E-01
3.125000E-01 9.375000E-01
3.125000E-01 8.125000E-01
4.375000E-01 8.125000E-01
4.375000E-01 9.375000E-01
4.375000E-01 6.875000E-01
6.875000E-01 6.250000E-02
6.875000E-01 1.875000E-01
8.125000E-01 6.250000E-02
5.625000E-01 4.375000E-01
6.875000E-01 4.375000E-01
6.875000E-01 3.125000E-01
8.125000E-01 3.125000E-01
5.625000E-01 5.625000E-01
8.125000E-01 1.875000E-01
9.375000E-01 6.250000E-02
9.375000E-01 1.875000E-01
8.125000E-01 4.375000E-01
9.375000E-01 4.375000E-01
9.375000E-01 3.125000E-01
8.125000E-01 5.625000E-01
6.875000E-01 5.625000E-01
5.625000E-01 6.875000E-01
6.875000E-01 6.875000E-01
5.625000E-01 8.125000E-01
5.625000E-01 9.375000E-01
6.875000E-01 9.375000E-01
6.875000E-01 8.125000E-01
8.125000E-01 6.875000E-01
8.125000E-01 8.125000E-01
9.375000E-01 6.875000E-01
9.375000E-01 5.625000E-01
9.375000E-01 8.125000E-01
8.125000E-01 9.375000E-01
9.375000E-01 9.375000E-01
0.000000E+00 6.250000E-02
6.250000E-02 0.000000E+00
0.000000E+00 1.875000E-01
6.250000E-02 1.250000E-01
1.875000E-01 0.000000E+00
1.875000E-01 1.250000E-01
1.250000E-01 6.250000E-02
2.500000E-01 6.250000E-02
1.250000E-01 1.875000E-01
0.000000E+00 3.125000E-01
6.250000E-02 2.500000E-01
0.000000E+00 4.375000E-01
6.250000E-02 3.750000E-01
1.875000E-01 2.500000E-01
1.875000E-01 3.750000E-01
1.250000E-01 3.125000E-01
1.250000E-01 4.375000E-01
2.500000E-01 1.875000E-01
3.125000E-01 1.250000E-01
3.125000E-01 0.000000E+00
3.125000E-01 2.500000E-01
3.750000E-01 6.250000E-02
5.000000E-01 6.250000E-02
4.375000E-01 0.000000E+00
4.375000E-01 1.250000E-01
5.000000E-01 1.875000E-01
3.750000E-01 1.875000E-01
3.125000E-01 3.750000E-01
2.500000E-01 4.375000E-01
3.750000E-01 3.125000E-01
2.500000E-01 3.125000E-01
5.000000E-01 3.125000E-01
4.375000E-01 2.500000E-01
4.375000E-01 3.750000E-01
4.375000E-01 5.000000E-01
3.750000E-01 4.375000E-01
0.000000E+00 5.625000E-01
6.250000E-02 5.000000E-01
0.000000E+00 6.875000E-01
6.250000E-02 6.250000E-01
1.250000E-01 5.625000E-01
1.875000E-01 5.000000E-01
1.250000E-01 6.875000E-01
1.875000E-01 6.250000E-01
6.250000E-02 7.500000E-01
6.250000E-02 8.750000E-01
0.000000E+00 8.125000E-01
6.250000E-02 1.000000E+00
0.000000E+00 9.375000E-01
1.250000E-01 8.125000E-01
1.875000E-01 7.500000E-01
1.250000E-01 9.375000E-01
1.875000E-01 8.750000E-01
1.875000E-01 1.000000E+00
2.500000E-01 5.625000E-01
3.125000E-01 5.000000E-01
2.500000E-01 6.875000E-01
3.125000E-01 6.250000E-01
3.750000E-01 5.625000E-01
3.750000E-01 6.875000E-01
4.375000E-01 6.250000E-01
3.125000E-01 7.500000E-01
3.125000E-01 8.750000E-01
2.500000E-01 8.125000E-01
3.125000E-01 1.000000E+00
2.500000E-01 9.375000E-01
3.750000E-01 8.125000E-01
4.375000E-01 7.500000E-01
3.750000E-01 9.375000E-01
4.375000E-01 8.750000E-01
4.375000E-01 1.000000E+00
5.000000E-01 4.375000E-01
6.250000E-01 6.250000E-02
5.625000E-01 0.000000E+00
6.250000E-01 1.875000E-01
5.625000E-01 1.250000E-01
5.625000E-01 2.500000E-01
7.500000E-01 6.250000E-02
6.875000E-01 0.000000E+00
6.875000E-01 2.500000E-01
6.875000E-01 1.250000E-01
7.500000E-01 1.875000E-01
5.625000E-01 3.750000E-01
6.250000E-01 3.125000E-01
5.625000E-01 5.000000E-01
6.250000E-01 4.375000E-01
7.500000E-01 3.125000E-01
6.875000E-01 5.000000E-01
6.875000E-01 3.750000E-01
7.500000E-01 4.375000E-01
8.750000E-01 6.250000E-02
8.125000E-01 0.000000E+00
8.750000E-01 1.875000E-01
8.125000E-01 1.250000E-01
8.125000E-01 2.500000E-01
1.000000E+00 6.250000E-02
9.375000E-01 0.000000E+00
9.375000E-01 2.500000E-01
9.375000E-01 1.250000E-01
1.000000E+00 1.875000E-01
8.125000E-01 3.750000E-01
8.750000E-01 3.125000E-01
8.125000E-01 5.000000E-01
8.750000E-01 4.375000E-01
1.000000E+00 3.125000E-01
9.375000E-01 5.000000E-01
9.375000E-01 3.750000E-01
1.000000E+00 4.375000E-01
5.625000E-01 6.250000E-01
5.000000E-01 5.625000E-01
5.625000E-01 7.500000E-01
5.000000E-01 6.875000E-01
6.875000E-01 6.250000E-01
6.250000E-01 5.625000E-01
6.875000E-01 7.500000E-01
6.250000E-01 6.875000E-01
7.500000E-01 6.875000E-01
7.500000E-01 5.625000E-01
5.625000E-01 8.750000E-01
5.000000E-01 8.125000E-01
5.625000E-01 1.000000E+00
5.000000E-01 9.375000E-01
6.875000E-01 8.750000E-01
6.250000E-01 8.125000E-01
6.250000E-01 9.375000E-01
6.875000E-01 1.000000E+00
7.500000E-01 8.125000E-01
8.125000E-01 6.250000E-01
8.750000E-01 5.625000E-01
8.125000E-01 7.500000E-01
8.750000E-01 6.875000E-01
1.000000E+00 5.625000E-01
1.000000E+00 6.875000E-01
9.375000E-01 6.250000E-01
9.375000E-01 7.500000E-01
8.125000E-01 8.750000E-01
8.125000E-01 1.000000E+00
7.500000E-01 9.375000E-01
8.750000E-01 9.375000E-01
8.750000E-01 8.125000E-01
9.375000E-01 8.750000E-01
1.000000E+00 8.125000E-01
9.375000E-01 1.000000E+00
1.000000E+00 9.375000E-01
3.125000E-02 3.125000E-02
9.375000E-02 3.125000E-02
3.125000E-02 1.562500E-01
3.125000E-02 9.375000E-02
9.375000E-02 9.375000E-02
9.375000E-02 1.562500E-01
3.125000E-02 2.187500E-01
1.562500E-01 3.125000E-02
2.187500E-01 3.125000E-02
1.562500E-01 9.375000E-02
1.562500E-01 1.562500E-01
2.187500E-01 9.375000E-02
2.812500E-01 9.375000E-02
2.187500E-01 1.562500E-01
2.812500E-01 3.125000E-02
9.375000E-02 2.187500E-01
3.125000E-02 2.812500E-01
9.375000E-02 2.812500E-01
3.125000E-02 4.062500E-01
3.125000E-02 3.437500E-01
9.375000E-02 3.437500E-01
9.375000E-02 4.062500E-01
3.125000E-02 4.687500E-01
1.562500E-01 2.812500E-01
1.562500E-01 2.187500E-01
2.187500E-01 2.812500E-01
2.187500E-01 2.187500E-01
1.562500E-01 4.062500E-01
1.562500E-01 3.437500E-01
2.187500E-01 3.437500E-01
2.187500E-01 4.062500E-01
1.562500E-01 4.687500E-01
9.375000E-02 4.687500E-01
2.812500E-01 1.562500E-01
3.437500E-01 3.125000E-02
4.062500E-01 3.125000E-02
3.437500E-01 9.375000E-02
2.812500E-01 2.187500E-01
3.437500E-01 2.187500E-01
3.437500E-01 1.562500E-01
2.812500E-01 2.812500E-01
4.062500E-01 9.375000E-02
4.687500E-01 3.125000E-02
5.312500E-01 3.125000E-02
4.687500E-01 9.375000E-02
4.062500E-01 1.562500E-01
4.687500E-01 1.562500E-01
5.312500E-01 1.562500E-01
4.062500E-01 2.187500E-01
5.312500E-01 9.375000E-02
4.687500E-01 2.187500E-01
2.812500E-01 3.437500E-01
3.437500E-01 2.812500E-01
4.062500E-01 2.812500E-01
3.437500E-01 3.437500E-01
2.812500E-01 4.062500E-01
3.437500E-01 4.062500E-01
2.812500E-01 4.687500E-01
4.062500E-01 3.437500E-01
4.687500E-01 2.812500E-01
5.312500E-01 2.812500E-01
4.687500E-01 3.437500E-01
4.062500E-01 4.062500E-01
4.687500E-01 4.062500E-01
5.312500E-01 4.062500E-01
4.687500E-01 4.687500E-01
4.062500E-01 4.687500E-01
5.312500E-01 3.437500E-01
3.437500E-01 4.687500E-01
5.312500E-01 2.187500E-01
2.187500E-01 4.687500E-01
3.125000E-02 5.312500E-01
9.375000E-02 5.312500E-01
3.125000E-02 5.937500E-01
3.125000E-02 6.562500E-01
3.125000E-02 7.187500E-01
9.375000E-02 6.562500E-01
9.375000E-02 5.937500E-01
1.562500E-01 5.312500E-01
2.187500E-01 5.312500E-01
1.562500E-01 5.937500E-01
9.375000E-02 7.187500E-01
1.562500E-01 6.562500E-01
2.187500E-01 6.562500E-01
1.562500E-01 7.187500E-01
2.187500E-01 5.937500E-01
3.125000E-02 7.812500E-01
3.125000E-02 8.437500E-01
9.375000E-02 8.437500E-01
9.375000E-02 7.812500E-01
3.125000E-02 9.687500E-01
3.125000E-02 9.062500E-01
9.375000E-02 9.062500E-01
9.375000E-02 9.687500E-01
1.562500E-01 8.437500E-01
1.562500E-01 7.812500E-01
2.187500E-01 7.812500E-01
1.562500E-01 9.687500E-01
1.562500E-01 9.062500E-01
2.187500E-01 9.062500E-01
2.187500E-01 9.687500E-01
2.187500E-01 8.437500E-01
2.187500E-01 7.187500E-01
2.812500E-01 5.312500E-01
3.437500E-01 5.312500E-01
2.812500E-01 5.937500E-01
2.812500E-01 6.562500E-01
2.812500E-01 7.187500E-01
3.437500E-01 6.562500E-01
3.437500E-01 5.937500E-01
4.062500E-01 5.312500E-01
4.687500E-01 5.312500E-01
4.062500E-01 5.937500E-01
3.437500E-01 7.187500E-01
4.062500E-01 6.562500E-01
4.687500E-01 6.562500E-01
4.062500E-01 7.187500E-01
4.687500E-01 5.937500E-01
2.812500E-01 7.812500E-01
2.812500E-01 8.437500E-01
3.437500E-01 8.437500E-01
3.437500E-01 7.812500E-01
2.812500E-01 9.687500E-01
2.812500E-01 9.062500E-01
3.437500E-01 9.062500E-01
3.437500E-01 9.687500E-01
4.062500E-01 8.437500E-01
4.062500E-01 7.812500E-01
4.687500E-01 7.812500E-01
4.062500E-01 9.687500E-01
4.062500E-01 9.062500E-01
4.687500E-01 9.062500E-01
4.687500E-01 9.687500E-01
4.687500E-01 8.437500E-01
4.687500E-01 7.187500E-01
5.937500E-01 3.125000E-02
6.562500E-01 3.125000E-02
5.937500E-01 9.375000E-02
5.937500E-01 1.562500E-01
5.937500E-01 2.187500E-01
6.562500E-01 1.562500E-01
6.562500E-01 9.375000E-02
7.187500E-01 3.125000E-02
7.812500E-01 3.125000E-02
7.187500E-01 9.375000E-02
6.562500E-01 2.187500E-01
7.187500E-01 1.562500E-01
7.812500E-01 1.562500E-01
7.187500E-01 2.187500E-01
7.812500E-01 9.375000E-02
5.937500E-01 2.812500E-01
5.937500E-01 3.437500E-01
6.562500E-01 3.437500E-01
5.937500E-01 4.062500E-01
5.312500E-01 4.687500E-01
5.937500E-01 4.687500E-01
6.562500E-01 4.687500E-01
5.937500E-01 5.312500E-01
5.312500E-01 5.312500E-01
6.562500E-01 4.062500E-01
6.562500E-01 2.812500E-01
7.187500E-01 2.812500E-01
7.812500E-01 2.812500E-01
7.187500E-01 3.437500E-01
7.187500E-01 4.062500E-01
7.187500E-01 4.687500E-01
7.812500E-01 4.062500E-01
7.812500E-01 3.437500E-01
6.562500E-01 5.312500E-01
7.812500E-01 2.187500E-01
8.437500E-01 3.125000E-02
9.062500E-01 3.125000E-02
8.437500E-01 9.375000E-02
8.437500E-01 1.562500E-01
8.437500E-01 2.187500E-01
9.062500E-01 1.562500E-01
9.062500E-01 9.375000E-02
9.687500E-01 3.125000E-02
9.687500E-01 9.375000E-02
9.062500E-01 2.187500E-01
9.687500E-01 1.562500E-01
9.687500E-01 2.187500E-01
8.437500E-01 2.812500E-01
8.437500E-01 3.437500E-01
9.062500E-01 3.437500E-01
8.437500E-01 4.062500E-01
7.812500E-01 4.687500E-01
8.437500E-01 4.687500E-01
9.062500E-01 4.687500E-01
8.437500E-01 5.312500E-01
7.812500E-01 5.312500E-01
9.062500E-01 4.062500E-01
9.062500E-01 2.812500E-01
9.687500E-01 2.812500E-01
9.687500E-01 3.437500E-01
9.687500E-01 4.062500E-01
9.687500E-01 4.687500E-01
9.062500E-01 5.312500E-01
7.187500E-01 5.312500E-01
5.312500E-01 5.937500E-01
5.937500E-01 5.937500E-01
5.312500E-01 7.187500E-01
5.312500E-01 6.562500E-01
5.937500E-01 6.562500E-01
5.937500E-01 7.187500E-01
5.312500E-01 7.812500E-01
6.562500E-01 5.937500E-01
7.187500E-01 5.937500E-01
6.562500E-01 6.562500E-01
6.562500E-01 7.187500E-01
7.187500E-01 6.562500E-01
7.812500E-01 6.562500E-01
7.187500E-01 7.187500E-01
7.812500E-01 5.937500E-01
5.937500E-01 7.812500E-01
5.312500E-01 8.437500E-01
5.937500E-01 8.437500E-01
5.312500E-01 9.687500E-01
5.312500E-01 9.062500E-01
5.937500E-01 9.062500E-01
5.937500E-01 9.687500E-01
6.562500E-01 8.437500E-01
6.562500E-01 7.812500E-01
7.187500E-01 8.437500E-01
7.187500E-01 7.812500E-01
6.562500E-01 9.687500E-01
6.562500E-01 9.062500E-01
7.187500E-01 9.062500E-01
7.187500E-01 9.687500E-01
7.812500E-01 7.187500E-01
8.437500E-01 5.937500E-01
9.062500E-01 5.937500E-01
8.437500E-01 6.562500E-01
7.812500E-01 7.812500E-01
8.437500E-01 7.187500E-01
9.062500E-01 7.187500E-01
8.437500E-01 7.812500E-01
9.062500E-01 6.562500E-01
9.687500E-01 5.937500E-01
9.687500E-01 5.312500E-01
9.687500E-01 7.187500E-01
9.687500E-01 6.562500E-01
9.062500E-01 7.812500E-01
9.687500E-01 7.812500E-01
7.812500E-01 8.437500E-01
8.437500E-01 8.437500E-01
7.812500E-01 9.062500E-01
7.812500E-01 9.687500E-01
8.437500E-01 9.687500E-01
8.437500E-01 9.062500E-01
9.062500E-01 8.437500E-01
9.062500E-01 9.062500E-01
9.687500E-01 8.437500E-01
9.687500E-01 9.062500E-01
9.062500E-01 9.687500E-01
9.687500E-01 9.687500E-01
